0	-12	-2	-20	-4	-5	-8	1.5	12.5	16	22	23	3
1	-12	-2	-20	-4	-5	-8	1.5	13.5	16	22	23	3
2	-12	-2	-20	-5	-8	15.5
3	-2	-5	1.5	12.5	16	22	23	3
4	-12	-2	-20	-5	-8	1.5	10	12.5	15.5	16	21	22	23	3	7
5	-16	-22	-23	-3	14.5
6	-3	3.5	5
7	-16	-22	-23	-3	11.5	12	14.5	2	20	3.5	4	5	8
8	-16	-22	-23	-3	14.5	2	24.5	3.5	5
9	-16	-22	-23	-3	11.5	12	14.5	20	3.5	4	5	8
10	-16	-22	-23	-3	14.5	24.5	3.5	5
11	-3	4.5	5
12	-16	-22	-23	-3	11.5	12	14.5	2	20	4	4.5	5	8
13	-16	-22	-23	-3	14.5	2	24.5	4.5	5
14	-16	-22	-23	-3	11.5	12	14.5	20	4	4.5	5	8
15	-16	-22	-23	-3	14.5	24.5	4.5	5
16	-3	14.5
17	-10	-16	-21	-22	-23	-3	-7	14	14.5	16.5	23.5	6.5
18	-10	-16	-21	-22	-23	-3	-7	11.5	12	14.5	16.5	20	23.5	4	8
19	-10	-21	-3	-7	11.5	12	16.5	20	23.5	4.5	5	8
20	-10	-16	-21	-22	-23	-3	-7	11.5	12	14.5	16.5	2	20	23.5	24.5	4.5	5	8
21	-10	-16	-21	-22	-23	-3	-7	11.5	12	14.5	16.5	20	23.5	24.5	4.5	5	8
22	-10	-11	-16	-21	-22	-23	-3	-7	14	14.5	16.5	17.5	23.5	7.5
23	-12	-20	-4	-5	-8	1.5	12.5	16	22	23	3
24	-12	-20	-4	-8	1.5	10	12.5	16	21	22	23	3	7
25	-12	-20	-4	-5	-8	1.5	13.5	16	22	23	3
26	-12	-20	-4	-8	1.5	10	13.5	16	21	22	23	3	7
27	-12	-20	-5	-8	15.5
28	-5	1.5	3
29	-12	-20	-5	-8	1.5	10	15.5	21	3	7
30	-5	2.5	3
31	-12	-20	-5	-8	10	15.5	2.5	21	3	7
32	-5	1.5	13.5	16	22	23	3
33	-12	-20	-5	-8	1.5	10	13.5	15.5	16	21	22	23	3	7
34	-5	15.5
35	-10	-6	16.5
36	-10	-18	-6	16.5
37	-10	-11	-6	16.5	17.5
38	-10	-21	-7	16.5	23.5
39	-12	-20	-8	14	6.5
40	-12	-20	-8	14	7.5
41	-10	-17	-9	16.5
42	-11	17.5
43	-14	11.5	12	19.5	20	8
44	-14	1.5	10	11	12.5	16	18.5	21	22	23	3	7
45	-14	1.5	10	12.5	16	18.5	21	22	23	3	7
46	-14	1.5	10	11	13.5	16	18.5	21	22	23	3	7
47	-14	1.5	10	13.5	16	18.5	21	22	23	3	7
48	-14	18.5
49	-14	19.5
50	11.5	12	2	20	4.5	5	8
51	2.5	3
52	1.5	12.5	16	22	23	3
53	1.5	13.5	16	22	23	3
54	3.5	5
55	11.5	12	20	4.5	5	8
56	10	11	5.5	6
57	10	18	5.5	6
58	10	5.5	6
59	10	21	7
60	10	17	9
61	11
62	14