-1
-2	-20	12.5
-3	-22	3.5	4.5	14.5	23.5
-4	-1	12.5	13.5
-5	-2	-20	1.5	2.5	9.5	10.5	13.5	15.5
-6	16.5
-7	16.5
-8	-12
-9	16.5
-10	-6	-17	-18	6.5	11.5	17.5	23.5
-11	-6	7.5	17.5
-12	-4	6.5	7.5	15.5
-13	8.5	22.5
-14	-19	13	8.5	9.5	11.5	12.5	13.5	18.5	19.5
-15
-16	-23
-17	-9
-18	-6
-19
-20	-8
-21	-7
-22	-16
-23	8.5	9.5	10.5	14.5
1
2	11.5	24.5
3	-5	21	2.5	12.5	13.5
4	-22	1
5	-3	2	3.5	11.5	20.5	21.5	24.5
6	10
7	10
8	12
9	10
10	-20	11	17	18	21	5.5	18.5
11	11	5.5	18.5
12	4	4.5	19.5
13	10.5	21.5
14	-13	-20	-22	14	19	20.5	22.5
15
16	23
17	9
18	5.5
19
20	8
21	7
22	16
23	-15	1.5
1.5	3
2.5	3
3.5	5
4.5	5
5.5	6
6.5	14
7.5	14
8.5	15
9.5	15
10.5	15
11.5	20
12.5	22
13.5	22
14.5	-3
15.5	-5
16.5	-10
17.5	-11
18.5	-14
19.5	-14
20.5	-15
21.5	-15
22.5	-15
23.5	-21
24.5	-22
