-1
-2
-3
-4	27.5	43.5	44.5
-5	-3	57.5
-6	-14
-7	60.5
-8	-44
-9	59.5
-10	37.5	48.5
-11	-2	-26	-40	39.5	41.5	50.5	55.5
-12	48
-13	-38
-14	9.5	60.5
-15	34.5	35.5	46.5
-16	-47
-17	29.5	30.5
-18	-23
-19	28.5
-20	-8	23.5	24.5	25.5	41.5	42.5	53.5	54.5
-21	11.5	12.5	18.5	20.5	21.5	36.5	37.5	38.5
-22	52.5	54.5
-23	33.5
-24	-26	-29	-37	-46	47.5	48.5	49.5
-25	40.5	59.5
-26	29.5	30.5
-27	-7	-26	-31	-36	-41	-43	39.5	50.5	51.5	52.5	55.5
-28	-39
-29	41.5	50.5	55.5
-30	14.5	47.5
-31	-19	-21	-39
-32	11.5	12.5	37.5	57.5
-33	-6	-14	44.5
-34	-1	10.5
-35	-37
-36	8.5
-37	-8	-22	50.5
-38	-18	-19	-45	2.5
-39	-4	43.5
-40	1.5
-41	-10	-46
-42	11.5	12.5	31.5	36.5
-43	3.5	4.5	8.5	49.5
-44	-26	46.5	56.5	60.5
-45	-13	40.5	45.5
-46	47.5	48.5	49.5
-47	-22	51.5	53.5	58.5	60.5
-48	-12	56.5
-49	-15
-50	33.5	58.5
-51	-35	45.5
-52	-11	42.5
1
2
3
4	-38	16.5
5	3	29.5
6	9.5
7	52
8	44
9	51
10	4.5	19.5
11	16	28	40	1.5	5.5	11.5	18.5	24.5
12	-48
13	27.5
14	-14	52
15	-49	25
16	33.5
17	-42
18	23
19	-39
20	-33	16	20	32	7.5
21	-17	-26	-30	5
22	20.5	22.5
23	-47
24	27	29	18.5	26.5	32.5
25	9	51
26	-42
27	7	28	31	36	41	6.5	12.5	18.5	21.5	25.5	31.5
28	28.5
29	16	28	23.5
30	19.5	44.5
31	13.5	14.5	15.5	16.5	28.5
32	-17	3.5	30.5
33	5.5	6.5	9.5	15.5
34	-15	1
35	26.5
36	-10
37	28	7.5	17.5
38	-4	18	45	13.5
39	2.5	14.5	15.5
40	-2
41	8.5	32.5
42	-17	-43	3.5	4.5
43	-10	19.5	38.5
44	25	34	52	18.5	34.5
45	9	13	24
46	27
47	50	52	17.5	20.5	22.5
48	12	34	35.5
49	10.5
50	-47	50
51	24	35
52	11	20
1.5	2
2.5	4
3.5	5
4.5	5
5.5	6
6.5	6
7.5	8
8.5	10
9.5	14
10.5	15
11.5	17
12.5	17
13.5	19
14.5	21
15.5	21
16.5	21
17.5	22
18.5	26
19.5	27
20.5	30
21.5	30
22.5	32
23.5	33
24.5	33
25.5	33
26.5	37
27.5	38
28.5	39
29.5	42
30.5	42
31.5	43
32.5	46
33.5	47
34.5	49
35.5	49
36.5	-5
37.5	-5
38.5	-5
39.5	-6	-17
40.5	-9
41.5	-16
42.5	-20
43.5	-21
44.5	-21
45.5	-24
46.5	-25
47.5	-27
48.5	-27
49.5	-27
50.5	-28
51.5	-30
52.5	-30
53.5	-32
54.5	-32
55.5	-33
56.5	-34	-49
57.5	-42
58.5	-50
59.5	-51
60.5	-52
