0	-4	27.5	38
1	-11	-22	-27	-28	-30	-39	-4	-47	-52	-7	18	23	27.5	38	47.5	50.5	52.5	60.5
2	-20	-22	-25	-27	-28	-30	-35	-37	-39	-4	-44	-47	-51	-52	-7	-8	-9	18	23	27.5	38	40.5	42.5	46.5	47.5	50.5	52.5	59.5	60.5
3	-20	-22	-24	-25	-27	-28	-29	-30	-39	-4	-44	-47	-51	-52	-7	-8	-9	18	23	27.5	38	40.5	42.5	45.5	46.5	47.5	50.5	52.5	59.5	60.5
4	-20	-22	-24	-25	-27	-28	-30	-37	-39	-4	-44	-47	-51	-52	-7	-8	-9	18	23	27.5	38	40.5	42.5	45.5	46.5	47.5	50.5	52.5	59.5	60.5
5	-20	-22	-25	-27	-28	-30	-35	-37	-39	-4	-44	-47	-51	-52	-7	-8	18	23	27.5	38	42.5	46.5	47.5	50.5	52.5	59.5	60.5
6	-20	-22	-24	-25	-27	-28	-29	-30	-39	-4	-44	-47	-51	-52	-7	-8	18	23	27.5	38	42.5	45.5	46.5	47.5	50.5	52.5	59.5	60.5
7	-20	-22	-24	-25	-27	-28	-30	-37	-39	-4	-44	-47	-51	-52	-7	-8	18	23	27.5	38	42.5	45.5	46.5	47.5	50.5	52.5	59.5	60.5
8	-15	-20	-22	-24	-25	-27	-28	-29	-30	-39	-4	-44	-47	-49	-51	-52	-7	-8	-9	18	23	27.5	38	40.5	42.5	45.5	46.5	47.5	50.5	52.5	56.5	59.5	60.5
9	-15	-20	-22	-25	-27	-28	-30	-35	-37	-39	-4	-44	-47	-49	-51	-52	-7	-8	18	23	27.5	38	42.5	46.5	47.5	50.5	52.5	56.5	59.5	60.5
10	-15	-20	-22	-24	-25	-27	-28	-30	-37	-39	-4	-44	-47	-49	-51	-52	-7	-8	18	23	27.5	38	42.5	45.5	46.5	47.5	50.5	52.5	56.5	59.5	60.5
11	-22	-27	-30	-31	-39	-4	-47	18	23	27.5	38	47.5	52.5
12	-11	-14	-22	-27	-28	-30	-39	-4	-47	-52	-6	18	23	27.5	38	39.5	47.5	50.5	52.5	60.5
13	-14	-20	-22	-25	-27	-28	-30	-35	-37	-39	-4	-44	-47	-51	-52	-6	-8	-9	18	23	27.5	38	39.5	40.5	42.5	46.5	47.5	50.5	52.5	59.5	60.5
14	-14	-20	-22	-24	-25	-27	-28	-29	-30	-39	-4	-44	-47	-51	-52	-6	-8	-9	18	23	27.5	38	39.5	40.5	42.5	45.5	46.5	47.5	50.5	52.5	59.5	60.5
15	-14	-20	-22	-24	-25	-27	-28	-30	-37	-39	-4	-44	-47	-51	-52	-6	-8	-9	18	23	27.5	38	39.5	40.5	42.5	45.5	46.5	47.5	50.5	52.5	59.5	60.5
16	-14	-20	-22	-25	-27	-28	-30	-35	-37	-39	-4	-44	-47	-51	-52	-6	-8	18	23	27.5	38	39.5	42.5	46.5	47.5	50.5	52.5	59.5	60.5
17	-14	-20	-22	-24	-25	-27	-28	-29	-30	-39	-4	-44	-47	-51	-52	-6	-8	18	23	27.5	38	39.5	42.5	45.5	46.5	47.5	50.5	52.5	59.5	60.5
18	-14	-20	-22	-24	-25	-27	-28	-30	-37	-39	-4	-44	-47	-51	-52	-6	-8	18	23	27.5	38	39.5	42.5	45.5	46.5	47.5	50.5	52.5	59.5	60.5
19	-14	-15	-20	-22	-24	-25	-27	-28	-29	-30	-39	-4	-44	-47	-49	-51	-52	-6	-8	-9	18	23	27.5	38	39.5	40.5	42.5	45.5	46.5	47.5	50.5	52.5	56.5	59.5	60.5
20	-14	-15	-20	-22	-25	-27	-28	-30	-35	-37	-39	-4	-44	-47	-49	-51	-52	-6	-8	18	23	27.5	38	39.5	42.5	46.5	47.5	50.5	52.5	56.5	59.5	60.5
21	-14	-15	-20	-22	-24	-25	-27	-28	-30	-37	-39	-4	-44	-47	-49	-51	-52	-6	-8	18	23	27.5	38	39.5	42.5	45.5	46.5	47.5	50.5	52.5	56.5	59.5	60.5
22	-22	-27	-28	-30	-39	-4	-47	18	23	27.5	38	47.5	50.5	52.5
23	-11	-14	-22	-27	-28	-30	-33	-39	-4	-47	-52	-6	18	23	27.5	38	47.5	50.5	52.5	55.5	60.5
24	-14	-20	-22	-25	-27	-28	-30	-33	-35	-37	-39	-4	-44	-47	-51	-52	-6	-8	-9	18	23	27.5	38	40.5	42.5	46.5	47.5	50.5	52.5	55.5	59.5	60.5
25	-14	-20	-22	-24	-25	-27	-28	-29	-30	-33	-39	-4	-44	-47	-51	-52	-6	-8	-9	18	23	27.5	38	40.5	42.5	45.5	46.5	47.5	50.5	52.5	55.5	59.5	60.5
26	-14	-20	-22	-24	-25	-27	-28	-30	-33	-37	-39	-4	-44	-47	-51	-52	-6	-8	-9	18	23	27.5	38	40.5	42.5	45.5	46.5	47.5	50.5	52.5	55.5	59.5	60.5
27	-14	-20	-22	-25	-27	-28	-30	-33	-35	-37	-39	-4	-44	-47	-51	-52	-6	-8	18	23	27.5	38	42.5	46.5	47.5	50.5	52.5	55.5	59.5	60.5
28	-14	-20	-22	-24	-25	-27	-28	-29	-30	-33	-39	-4	-44	-47	-51	-52	-6	-8	18	23	27.5	38	42.5	45.5	46.5	47.5	50.5	52.5	55.5	59.5	60.5
29	-14	-20	-22	-24	-25	-27	-28	-30	-33	-37	-39	-4	-44	-47	-51	-52	-6	-8	18	23	27.5	38	42.5	45.5	46.5	47.5	50.5	52.5	55.5	59.5	60.5
30	-14	-15	-20	-22	-24	-25	-27	-28	-29	-30	-33	-39	-4	-44	-47	-49	-51	-52	-6	-8	-9	18	23	27.5	38	40.5	42.5	45.5	46.5	47.5	50.5	52.5	55.5	56.5	59.5	60.5
31	-14	-15	-20	-22	-25	-27	-28	-30	-33	-35	-37	-39	-4	-44	-47	-49	-51	-52	-6	-8	18	23	27.5	38	42.5	46.5	47.5	50.5	52.5	55.5	56.5	59.5	60.5
32	-14	-15	-20	-22	-24	-25	-27	-28	-30	-33	-37	-39	-4	-44	-47	-49	-51	-52	-6	-8	18	23	27.5	38	42.5	45.5	46.5	47.5	50.5	52.5	55.5	56.5	59.5	60.5
33	-11	-14	-22	-27	-28	-30	-33	-39	-4	-47	-52	18	23	27.5	38	47.5	50.5	52.5	55.5	60.5
34	-14	-20	-22	-25	-27	-28	-30	-33	-35	-37	-39	-4	-44	-47	-51	-52	-8	-9	18	23	27.5	38	40.5	42.5	46.5	47.5	50.5	52.5	55.5	59.5	60.5
35	-14	-20	-22	-24	-25	-27	-28	-29	-30	-33	-39	-4	-44	-47	-51	-52	-8	-9	18	23	27.5	38	40.5	42.5	45.5	46.5	47.5	50.5	52.5	55.5	59.5	60.5
36	-14	-20	-22	-24	-25	-27	-28	-30	-33	-37	-39	-4	-44	-47	-51	-52	-8	-9	18	23	27.5	38	40.5	42.5	45.5	46.5	47.5	50.5	52.5	55.5	59.5	60.5
37	-14	-20	-22	-25	-27	-28	-30	-33	-35	-37	-39	-4	-44	-47	-51	-52	-8	18	23	27.5	38	42.5	46.5	47.5	50.5	52.5	55.5	59.5	60.5
38	-14	-20	-22	-24	-25	-27	-28	-29	-30	-33	-39	-4	-44	-47	-51	-52	-8	18	23	27.5	38	42.5	45.5	46.5	47.5	50.5	52.5	55.5	59.5	60.5
39	-14	-20	-22	-24	-25	-27	-28	-30	-33	-37	-39	-4	-44	-47	-51	-52	-8	18	23	27.5	38	42.5	45.5	46.5	47.5	50.5	52.5	55.5	59.5	60.5
40	-14	-15	-20	-22	-24	-25	-27	-28	-29	-30	-33	-39	-4	-44	-47	-49	-51	-52	-8	-9	18	23	27.5	38	40.5	42.5	45.5	46.5	47.5	50.5	52.5	55.5	56.5	59.5	60.5
41	-14	-15	-20	-22	-25	-27	-28	-30	-33	-35	-37	-39	-4	-44	-47	-49	-51	-52	-8	18	23	27.5	38	42.5	46.5	47.5	50.5	52.5	55.5	56.5	59.5	60.5
42	-14	-15	-20	-22	-24	-25	-27	-28	-30	-33	-37	-39	-4	-44	-47	-49	-51	-52	-8	18	23	27.5	38	42.5	45.5	46.5	47.5	50.5	52.5	55.5	56.5	59.5	60.5
43	-22	-32	-39	-4	-42	-47	12.5	13.5	17	18	19	19.5	23	27	27.5	31	31.5	38	43	54.5
44	-11	-27	-28	-30	-39	-4	-47	-52	-7	18	23	27.5	38	47.5	50.5	51.5	60.5
45	-20	-25	-27	-28	-30	-35	-37	-39	-4	-44	-47	-51	-52	-7	-8	-9	18	23	27.5	38	40.5	42.5	46.5	47.5	50.5	51.5	59.5	60.5
46	-20	-24	-25	-27	-28	-29	-30	-39	-4	-44	-47	-51	-52	-7	-8	-9	18	23	27.5	38	40.5	42.5	45.5	46.5	47.5	50.5	51.5	59.5	60.5
47	-20	-24	-25	-27	-28	-30	-37	-39	-4	-44	-47	-51	-52	-7	-8	-9	18	23	27.5	38	40.5	42.5	45.5	46.5	47.5	50.5	51.5	59.5	60.5
48	-20	-25	-27	-28	-30	-35	-37	-39	-4	-44	-47	-51	-52	-7	-8	18	23	27.5	38	42.5	46.5	47.5	50.5	51.5	59.5	60.5
49	-20	-24	-25	-27	-28	-29	-30	-39	-4	-44	-47	-51	-52	-7	-8	18	23	27.5	38	42.5	45.5	46.5	47.5	50.5	51.5	59.5	60.5
50	-20	-24	-25	-27	-28	-30	-37	-39	-4	-44	-47	-51	-52	-7	-8	18	23	27.5	38	42.5	45.5	46.5	47.5	50.5	51.5	59.5	60.5
51	-15	-20	-24	-25	-27	-28	-29	-30	-39	-4	-44	-47	-49	-51	-52	-7	-8	-9	18	23	27.5	38	40.5	42.5	45.5	46.5	47.5	50.5	51.5	56.5	59.5	60.5
52	-15	-20	-25	-27	-28	-30	-35	-37	-39	-4	-44	-47	-49	-51	-52	-7	-8	18	23	27.5	38	42.5	46.5	47.5	50.5	51.5	56.5	59.5	60.5
53	-15	-20	-24	-25	-27	-28	-30	-37	-39	-4	-44	-47	-49	-51	-52	-7	-8	18	23	27.5	38	42.5	45.5	46.5	47.5	50.5	51.5	56.5	59.5	60.5
54	-27	-30	-31	-39	-4	-47	18	23	27.5	38	47.5	51.5
55	-11	-14	-27	-28	-30	-39	-4	-47	-52	-6	18	23	27.5	38	39.5	47.5	50.5	51.5	60.5
56	-14	-20	-25	-27	-28	-30	-35	-37	-39	-4	-44	-47	-51	-52	-6	-8	-9	18	23	27.5	38	39.5	40.5	42.5	46.5	47.5	50.5	51.5	59.5	60.5
57	-14	-20	-24	-25	-27	-28	-29	-30	-39	-4	-44	-47	-51	-52	-6	-8	-9	18	23	27.5	38	39.5	40.5	42.5	45.5	46.5	47.5	50.5	51.5	59.5	60.5
58	-14	-20	-24	-25	-27	-28	-30	-37	-39	-4	-44	-47	-51	-52	-6	-8	-9	18	23	27.5	38	39.5	40.5	42.5	45.5	46.5	47.5	50.5	51.5	59.5	60.5
59	-14	-20	-25	-27	-28	-30	-35	-37	-39	-4	-44	-47	-51	-52	-6	-8	18	23	27.5	38	39.5	42.5	46.5	47.5	50.5	51.5	59.5	60.5
60	-14	-20	-24	-25	-27	-28	-29	-30	-39	-4	-44	-47	-51	-52	-6	-8	18	23	27.5	38	39.5	42.5	45.5	46.5	47.5	50.5	51.5	59.5	60.5
61	-14	-20	-24	-25	-27	-28	-30	-37	-39	-4	-44	-47	-51	-52	-6	-8	18	23	27.5	38	39.5	42.5	45.5	46.5	47.5	50.5	51.5	59.5	60.5
62	-14	-15	-20	-24	-25	-27	-28	-29	-30	-39	-4	-44	-47	-49	-51	-52	-6	-8	-9	18	23	27.5	38	39.5	40.5	42.5	45.5	46.5	47.5	50.5	51.5	56.5	59.5	60.5
63	-14	-15	-20	-25	-27	-28	-30	-35	-37	-39	-4	-44	-47	-49	-51	-52	-6	-8	18	23	27.5	38	39.5	42.5	46.5	47.5	50.5	51.5	56.5	59.5	60.5
64	-14	-15	-20	-24	-25	-27	-28	-30	-37	-39	-4	-44	-47	-49	-51	-52	-6	-8	18	23	27.5	38	39.5	42.5	45.5	46.5	47.5	50.5	51.5	56.5	59.5	60.5
65	-27	-28	-30	-39	-4	-47	18	23	27.5	38	47.5	50.5	51.5
66	-11	-14	-27	-28	-30	-33	-39	-4	-47	-52	-6	18	23	27.5	38	47.5	50.5	51.5	55.5	60.5
67	-14	-20	-25	-27	-28	-30	-33	-35	-37	-39	-4	-44	-47	-51	-52	-6	-8	-9	18	23	27.5	38	40.5	42.5	46.5	47.5	50.5	51.5	55.5	59.5	60.5
68	-14	-20	-24	-25	-27	-28	-29	-30	-33	-39	-4	-44	-47	-51	-52	-6	-8	-9	18	23	27.5	38	40.5	42.5	45.5	46.5	47.5	50.5	51.5	55.5	59.5	60.5
69	-14	-20	-24	-25	-27	-28	-30	-33	-37	-39	-4	-44	-47	-51	-52	-6	-8	-9	18	23	27.5	38	40.5	42.5	45.5	46.5	47.5	50.5	51.5	55.5	59.5	60.5
70	-14	-20	-25	-27	-28	-30	-33	-35	-37	-39	-4	-44	-47	-51	-52	-6	-8	18	23	27.5	38	42.5	46.5	47.5	50.5	51.5	55.5	59.5	60.5
71	-14	-20	-24	-25	-27	-28	-29	-30	-33	-39	-4	-44	-47	-51	-52	-6	-8	18	23	27.5	38	42.5	45.5	46.5	47.5	50.5	51.5	55.5	59.5	60.5
72	-14	-20	-24	-25	-27	-28	-30	-33	-37	-39	-4	-44	-47	-51	-52	-6	-8	18	23	27.5	38	42.5	45.5	46.5	47.5	50.5	51.5	55.5	59.5	60.5
73	-14	-15	-20	-24	-25	-27	-28	-29	-30	-33	-39	-4	-44	-47	-49	-51	-52	-6	-8	-9	18	23	27.5	38	40.5	42.5	45.5	46.5	47.5	50.5	51.5	55.5	56.5	59.5	60.5
74	-14	-15	-20	-25	-27	-28	-30	-33	-35	-37	-39	-4	-44	-47	-49	-51	-52	-6	-8	18	23	27.5	38	42.5	46.5	47.5	50.5	51.5	55.5	56.5	59.5	60.5
75	-14	-15	-20	-24	-25	-27	-28	-30	-33	-37	-39	-4	-44	-47	-49	-51	-52	-6	-8	18	23	27.5	38	42.5	45.5	46.5	47.5	50.5	51.5	55.5	56.5	59.5	60.5
76	-11	-14	-27	-28	-30	-33	-39	-4	-47	-52	18	23	27.5	38	47.5	50.5	51.5	55.5	60.5
77	-14	-20	-25	-27	-28	-30	-33	-35	-37	-39	-4	-44	-47	-51	-52	-8	-9	18	23	27.5	38	40.5	42.5	46.5	47.5	50.5	51.5	55.5	59.5	60.5
78	-14	-20	-24	-25	-27	-28	-29	-30	-33	-39	-4	-44	-47	-51	-52	-8	-9	18	23	27.5	38	40.5	42.5	45.5	46.5	47.5	50.5	51.5	55.5	59.5	60.5
79	-14	-20	-24	-25	-27	-28	-30	-33	-37	-39	-4	-44	-47	-51	-52	-8	-9	18	23	27.5	38	40.5	42.5	45.5	46.5	47.5	50.5	51.5	55.5	59.5	60.5
80	-14	-20	-25	-27	-28	-30	-33	-35	-37	-39	-4	-44	-47	-51	-52	-8	18	23	27.5	38	42.5	46.5	47.5	50.5	51.5	55.5	59.5	60.5
81	-14	-20	-24	-25	-27	-28	-29	-30	-33	-39	-4	-44	-47	-51	-52	-8	18	23	27.5	38	42.5	45.5	46.5	47.5	50.5	51.5	55.5	59.5	60.5
82	-14	-20	-24	-25	-27	-28	-30	-33	-37	-39	-4	-44	-47	-51	-52	-8	18	23	27.5	38	42.5	45.5	46.5	47.5	50.5	51.5	55.5	59.5	60.5
83	-14	-15	-20	-24	-25	-27	-28	-29	-30	-33	-39	-4	-44	-47	-49	-51	-52	-8	-9	18	23	27.5	38	40.5	42.5	45.5	46.5	47.5	50.5	51.5	55.5	56.5	59.5	60.5
84	-14	-15	-20	-25	-27	-28	-30	-33	-35	-37	-39	-4	-44	-47	-49	-51	-52	-8	18	23	27.5	38	42.5	46.5	47.5	50.5	51.5	55.5	56.5	59.5	60.5
85	-14	-15	-20	-24	-25	-27	-28	-30	-33	-37	-39	-4	-44	-47	-49	-51	-52	-8	18	23	27.5	38	42.5	45.5	46.5	47.5	50.5	51.5	55.5	56.5	59.5	60.5
86	-32	-39	-4	-42	-47	12.5	13.5	17	18	19	19.5	23	27	27.5	31	31.5	38	43	53.5
87	-11	-26	-27	-31	-39	-4	-43	-47	-52	18	23	27.5	29.5	38	42	49.5	60.5
88	-11	-26	-27	-28	-39	-4	-43	-47	-52	18	23	27.5	29.5	38	42	49.5	50.5	60.5
89	-11	-26	-27	-28	-39	-4	-43	-47	-52	18	23	27.5	30.5	38	42	49.5	50.5	60.5
90	-11	-17	-27	-31	-39	-4	-43	-47	-52	18	23	27.5	29.5	38	39.5	42	49.5	60.5
91	-11	-17	-27	-28	-39	-4	-43	-47	-52	18	23	27.5	29.5	38	39.5	42	49.5	50.5	60.5
92	-11	-17	-27	-28	-39	-4	-43	-47	-52	18	23	27.5	30.5	38	39.5	42	49.5	50.5	60.5
93	-11	-28	-39	-4	-47	-52	18	23	27.5	38	50.5	60.5
94	-20	-26	-27	-31	-39	-4	-43	-44	-47	-52	-8	18	23	27.5	29.5	38	42	42.5	49.5	60.5
95	-20	-26	-27	-28	-39	-4	-43	-44	-47	-52	-8	18	23	27.5	29.5	38	42	42.5	49.5	50.5	60.5
96	-20	-26	-27	-28	-39	-4	-43	-44	-47	-52	-8	18	23	27.5	30.5	38	42	42.5	49.5	50.5	60.5
97	-20	-22	-25	-27	-30	-31	-35	-37	-39	-4	-44	-47	-51	-52	-8	-9	18	23	27.5	38	40.5	42.5	46.5	47.5	52.5	59.5	60.5
98	-20	-22	-25	-27	-28	-30	-35	-37	-39	-4	-44	-47	-51	-52	-8	-9	18	23	27.5	38	40.5	42.5	46.5	47.5	50.5	52.5	59.5	60.5
99	-20	-22	-25	-32	-35	-37	-39	-4	-42	-44	-47	-51	-52	-8	-9	12.5	13.5	17	18	19	19.5	23	27	27.5	31	31.5	38	40.5	42.5	43	46.5	54.5	59.5	60.5
100	-20	-25	-28	-35	-37	-39	-4	-44	-47	-51	-52	-8	-9	18	23	27.5	38	40.5	42.5	46.5	50.5	59.5	60.5
101	-20	-24	-25	-26	-27	-31	-39	-4	-43	-44	-47	-51	-52	-8	-9	18	23	27.5	29.5	38	40.5	42	42.5	45.5	46.5	49.5	59.5	60.5
102	-20	-24	-25	-26	-27	-28	-39	-4	-43	-44	-47	-51	-52	-8	-9	18	23	27.5	29.5	38	40.5	42	42.5	45.5	46.5	49.5	50.5	59.5	60.5
103	-20	-24	-25	-26	-27	-28	-39	-4	-43	-44	-47	-51	-52	-8	-9	18	23	27.5	30.5	38	40.5	42	42.5	45.5	46.5	49.5	50.5	59.5	60.5
104	-20	-24	-25	-28	-29	-39	-4	-44	-47	-51	-52	-8	-9	18	23	27.5	38	40.5	42.5	45.5	46.5	50.5	59.5	60.5
105	-20	-22	-24	-25	-27	-30	-31	-37	-39	-4	-44	-47	-51	-52	-8	-9	18	23	27.5	38	40.5	42.5	45.5	46.5	47.5	52.5	59.5	60.5
106	-20	-22	-24	-25	-27	-28	-30	-37	-39	-4	-44	-47	-51	-52	-8	-9	18	23	27.5	38	40.5	42.5	45.5	46.5	47.5	50.5	52.5	59.5	60.5
107	-20	-22	-24	-25	-32	-37	-39	-4	-42	-44	-47	-51	-52	-8	-9	12.5	13.5	17	18	19	19.5	23	27	27.5	31	31.5	38	40.5	42.5	43	45.5	46.5	54.5	59.5	60.5
108	-20	-24	-25	-28	-37	-39	-4	-44	-47	-51	-52	-8	-9	18	23	27.5	38	40.5	42.5	45.5	46.5	50.5	59.5	60.5
109	-20	-24	-25	-27	-31	-39	-4	-44	-46	-47	-51	-52	-8	-9	18	23	27.5	38	40.5	42.5	45.5	46.5	47.5	59.5	60.5
110	-20	-24	-25	-27	-28	-39	-4	-44	-46	-47	-51	-52	-8	-9	18	23	27.5	38	40.5	42.5	45.5	46.5	47.5	50.5	59.5	60.5
111	-20	-24	-25	-27	-31	-39	-4	-44	-46	-47	-51	-52	-8	-9	18	23	27.5	38	40.5	42.5	45.5	46.5	48.5	59.5	60.5
112	-20	-24	-25	-27	-28	-39	-4	-44	-46	-47	-51	-52	-8	-9	18	23	27.5	38	40.5	42.5	45.5	46.5	48.5	50.5	59.5	60.5
113	-20	-24	-25	-27	-31	-39	-4	-44	-46	-47	-51	-52	-8	-9	18	23	27.5	38	40.5	42.5	45.5	46.5	49.5	59.5	60.5
114	-20	-24	-25	-27	-28	-39	-4	-44	-46	-47	-51	-52	-8	-9	18	23	27.5	38	40.5	42.5	45.5	46.5	49.5	50.5	59.5	60.5
115	-20	-24	-25	-27	-31	-39	-4	-44	-47	-51	-52	-8	-9	18	23	27.5	38	40.5	42.5	45.5	46.5	47.5	59.5	60.5
116	-20	-24	-25	-27	-28	-39	-4	-44	-47	-51	-52	-8	-9	18	23	27.5	38	40.5	42.5	45.5	46.5	47.5	50.5	59.5	60.5
117	-20	-24	-25	-27	-31	-39	-4	-44	-47	-51	-52	-8	-9	18	23	27.5	38	40.5	42.5	45.5	46.5	48.5	59.5	60.5
118	-20	-24	-25	-27	-28	-39	-4	-44	-47	-51	-52	-8	-9	18	23	27.5	38	40.5	42.5	45.5	46.5	48.5	50.5	59.5	60.5
119	-20	-24	-25	-27	-31	-39	-4	-44	-47	-51	-52	-8	-9	18	23	27.5	38	40.5	42.5	45.5	46.5	49.5	59.5	60.5
120	-20	-24	-25	-27	-28	-39	-4	-44	-47	-51	-52	-8	-9	18	23	27.5	38	40.5	42.5	45.5	46.5	49.5	50.5	59.5	60.5
121	-20	-22	-25	-27	-30	-31	-35	-37	-39	-4	-44	-47	-51	-52	-8	18	23	27.5	38	42.5	46.5	47.5	52.5	59.5	60.5
122	-20	-22	-25	-27	-28	-30	-35	-37	-39	-4	-44	-47	-51	-52	-8	18	23	27.5	38	42.5	46.5	47.5	50.5	52.5	59.5	60.5
123	-20	-22	-25	-32	-35	-37	-39	-4	-42	-44	-47	-51	-52	-8	12.5	13.5	17	18	19	19.5	23	27	27.5	31	31.5	38	42.5	43	46.5	54.5	59.5	60.5
124	-20	-25	-28	-35	-37	-39	-4	-44	-47	-51	-52	-8	18	23	27.5	38	42.5	46.5	50.5	59.5	60.5
125	-20	-24	-25	-26	-27	-31	-39	-4	-43	-44	-47	-51	-52	-8	18	23	27.5	29.5	38	42	42.5	45.5	46.5	49.5	59.5	60.5
126	-20	-24	-25	-26	-27	-28	-39	-4	-43	-44	-47	-51	-52	-8	18	23	27.5	29.5	38	42	42.5	45.5	46.5	49.5	50.5	59.5	60.5
127	-20	-24	-25	-26	-27	-28	-39	-4	-43	-44	-47	-51	-52	-8	18	23	27.5	30.5	38	42	42.5	45.5	46.5	49.5	50.5	59.5	60.5
128	-20	-24	-25	-28	-29	-39	-4	-44	-47	-51	-52	-8	18	23	27.5	38	42.5	45.5	46.5	50.5	59.5	60.5
129	-20	-22	-24	-25	-27	-30	-31	-37	-39	-4	-44	-47	-51	-52	-8	18	23	27.5	38	42.5	45.5	46.5	47.5	52.5	59.5	60.5
130	-20	-22	-24	-25	-27	-28	-30	-37	-39	-4	-44	-47	-51	-52	-8	18	23	27.5	38	42.5	45.5	46.5	47.5	50.5	52.5	59.5	60.5
131	-20	-22	-24	-25	-32	-37	-39	-4	-42	-44	-47	-51	-52	-8	12.5	13.5	17	18	19	19.5	23	27	27.5	31	31.5	38	42.5	43	45.5	46.5	54.5	59.5	60.5
132	-20	-24	-25	-28	-37	-39	-4	-44	-47	-51	-52	-8	18	23	27.5	38	42.5	45.5	46.5	50.5	59.5	60.5
133	-20	-24	-25	-27	-31	-39	-4	-44	-46	-47	-51	-52	-8	18	23	27.5	38	42.5	45.5	46.5	47.5	59.5	60.5
134	-20	-24	-25	-27	-28	-39	-4	-44	-46	-47	-51	-52	-8	18	23	27.5	38	42.5	45.5	46.5	47.5	50.5	59.5	60.5
135	-20	-24	-25	-27	-31	-39	-4	-44	-46	-47	-51	-52	-8	18	23	27.5	38	42.5	45.5	46.5	48.5	59.5	60.5
136	-20	-24	-25	-27	-28	-39	-4	-44	-46	-47	-51	-52	-8	18	23	27.5	38	42.5	45.5	46.5	48.5	50.5	59.5	60.5
137	-20	-24	-25	-27	-31	-39	-4	-44	-46	-47	-51	-52	-8	18	23	27.5	38	42.5	45.5	46.5	49.5	59.5	60.5
138	-20	-24	-25	-27	-28	-39	-4	-44	-46	-47	-51	-52	-8	18	23	27.5	38	42.5	45.5	46.5	49.5	50.5	59.5	60.5
139	-20	-24	-25	-27	-31	-39	-4	-44	-47	-51	-52	-8	18	23	27.5	38	42.5	45.5	46.5	47.5	59.5	60.5
140	-20	-24	-25	-27	-28	-39	-4	-44	-47	-51	-52	-8	18	23	27.5	38	42.5	45.5	46.5	47.5	50.5	59.5	60.5
141	-20	-24	-25	-27	-31	-39	-4	-44	-47	-51	-52	-8	18	23	27.5	38	42.5	45.5	46.5	48.5	59.5	60.5
142	-20	-24	-25	-27	-28	-39	-4	-44	-47	-51	-52	-8	18	23	27.5	38	42.5	45.5	46.5	48.5	50.5	59.5	60.5
143	-20	-24	-25	-27	-31	-39	-4	-44	-47	-51	-52	-8	18	23	27.5	38	42.5	45.5	46.5	49.5	59.5	60.5
144	-20	-24	-25	-27	-28	-39	-4	-44	-47	-51	-52	-8	18	23	27.5	38	42.5	45.5	46.5	49.5	50.5	59.5	60.5
145	-20	-34	-39	-4	-44	-47	-52	-8	10.5	13.5	15	18	19	23	24	25	27	27.5	31	32.5	38	42.5	46	51	56.5	60.5
146	-15	-20	-22	-25	-27	-28	-30	-35	-37	-39	-4	-44	-47	-49	-51	-52	-8	-9	18	23	27.5	38	40.5	42.5	46.5	47.5	50.5	52.5	56.5	59.5	60.5
147	-15	-20	-25	-28	-35	-37	-39	-4	-44	-47	-49	-51	-52	-8	-9	18	23	27.5	38	40.5	42.5	46.5	50.5	56.5	59.5	60.5
148	-15	-20	-24	-25	-26	-27	-28	-39	-4	-43	-44	-47	-49	-51	-52	-8	-9	18	23	27.5	29.5	38	40.5	42	42.5	45.5	46.5	49.5	50.5	56.5	59.5	60.5
149	-15	-20	-24	-25	-28	-29	-39	-4	-44	-47	-49	-51	-52	-8	-9	18	23	27.5	38	40.5	42.5	45.5	46.5	50.5	56.5	59.5	60.5
150	-15	-20	-22	-24	-25	-27	-28	-30	-37	-39	-4	-44	-47	-49	-51	-52	-8	-9	18	23	27.5	38	40.5	42.5	45.5	46.5	47.5	50.5	52.5	56.5	59.5	60.5
151	-15	-20	-24	-25	-28	-37	-39	-4	-44	-47	-49	-51	-52	-8	-9	18	23	27.5	38	40.5	42.5	45.5	46.5	50.5	56.5	59.5	60.5
152	-15	-20	-24	-25	-27	-28	-39	-4	-44	-46	-47	-49	-51	-52	-8	-9	18	23	27.5	38	40.5	42.5	45.5	46.5	47.5	50.5	56.5	59.5	60.5
153	-15	-20	-24	-25	-27	-28	-39	-4	-44	-46	-47	-49	-51	-52	-8	-9	18	23	27.5	38	40.5	42.5	45.5	46.5	48.5	50.5	56.5	59.5	60.5
154	-15	-20	-24	-25	-27	-28	-39	-4	-44	-46	-47	-49	-51	-52	-8	-9	18	23	27.5	38	40.5	42.5	45.5	46.5	49.5	50.5	56.5	59.5	60.5
155	-15	-20	-24	-25	-27	-28	-39	-4	-44	-47	-49	-51	-52	-8	-9	18	23	27.5	38	40.5	42.5	45.5	46.5	47.5	50.5	56.5	59.5	60.5
156	-15	-20	-24	-25	-27	-28	-39	-4	-44	-47	-49	-51	-52	-8	-9	18	23	27.5	38	40.5	42.5	45.5	46.5	48.5	50.5	56.5	59.5	60.5
157	-15	-20	-24	-25	-27	-28	-39	-4	-44	-47	-49	-51	-52	-8	-9	18	23	27.5	38	40.5	42.5	45.5	46.5	49.5	50.5	56.5	59.5	60.5
158	-15	-20	-22	-25	-27	-28	-30	-35	-37	-39	-4	-44	-47	-49	-51	-52	-8	18	23	27.5	38	42.5	46.5	47.5	50.5	52.5	56.5	59.5	60.5
159	-15	-20	-25	-28	-35	-37	-39	-4	-44	-47	-49	-51	-52	-8	18	23	27.5	38	42.5	46.5	50.5	56.5	59.5	60.5
160	-15	-20	-24	-25	-26	-27	-28	-39	-4	-43	-44	-47	-49	-51	-52	-8	18	23	27.5	29.5	38	42	42.5	45.5	46.5	49.5	50.5	56.5	59.5	60.5
161	-15	-20	-24	-25	-28	-29	-39	-4	-44	-47	-49	-51	-52	-8	18	23	27.5	38	42.5	45.5	46.5	50.5	56.5	59.5	60.5
162	-15	-20	-22	-24	-25	-27	-28	-30	-37	-39	-4	-44	-47	-49	-51	-52	-8	18	23	27.5	38	42.5	45.5	46.5	47.5	50.5	52.5	56.5	59.5	60.5
163	-15	-20	-24	-25	-28	-37	-39	-4	-44	-47	-49	-51	-52	-8	18	23	27.5	38	42.5	45.5	46.5	50.5	56.5	59.5	60.5
164	-15	-20	-24	-25	-27	-28	-39	-4	-44	-46	-47	-49	-51	-52	-8	18	23	27.5	38	42.5	45.5	46.5	47.5	50.5	56.5	59.5	60.5
165	-15	-20	-24	-25	-27	-28	-39	-4	-44	-46	-47	-49	-51	-52	-8	18	23	27.5	38	42.5	45.5	46.5	48.5	50.5	56.5	59.5	60.5
166	-15	-20	-24	-25	-27	-28	-39	-4	-44	-46	-47	-49	-51	-52	-8	18	23	27.5	38	42.5	45.5	46.5	49.5	50.5	56.5	59.5	60.5
167	-15	-20	-24	-25	-27	-28	-39	-4	-44	-47	-49	-51	-52	-8	18	23	27.5	38	42.5	45.5	46.5	47.5	50.5	56.5	59.5	60.5
168	-15	-20	-24	-25	-27	-28	-39	-4	-44	-47	-49	-51	-52	-8	18	23	27.5	38	42.5	45.5	46.5	48.5	50.5	56.5	59.5	60.5
169	-15	-20	-24	-25	-27	-28	-39	-4	-44	-47	-49	-51	-52	-8	18	23	27.5	38	42.5	45.5	46.5	49.5	50.5	56.5	59.5	60.5
170	-20	-32	-39	-4	-42	-47	-52	12.5	13.5	17	18	19	19.5	23	27	27.5	31	31.5	38	42.5	43	53.5	60.5
171	-20	-32	-39	-4	-42	-47	-52	11.5	13.5	17	18	19	19.5	23	27	27.5	31	31.5	38	42.5	43	54.5	60.5
172	-20	-32	-39	-4	-42	-47	-52	13.5	18	19	19.5	23	27	27.5	31	31.5	38	42.5	43	54.5	57.5	60.5
173	-39	-4	13.5	19	24	27	27.5	31	38	45	51	9
174	-21	-33	-39	-4	-42	12.5	13.5	16	17	19	19.5	20	24	27	27.5	29	31	31.5	33.5	38	43	44.5	45	47	51	52	9
175	-21	-33	-39	-4	-42	-5	13.5	16	19	19.5	20	24	27	27.5	29	31	31.5	33.5	36.5	38	43	44.5	45	47	51	52	57.5	9
176	-21	-39	-4	-42	11.5	13.5	16	17	17.5	19	19.5	20.5	22	24	27	27.5	29	30	31	31.5	33.5	38	43	44.5	45	47	51	9
177	-21	-39	-4	-42	-5	13.5	16	17.5	19	19.5	20.5	22	24	27	27.5	29	30	31	31.5	33.5	38	38.5	43	44.5	45	47	51	57.5	9
178	-21	-39	-4	-42	13.5	16	18.5	19	19.5	20.5	24	26	27	27.5	29	30	31	31.5	33.5	38	43	44.5	45	47	51	9
179	-39	-4	11	13.5	16	17.5	19	19.5	20.5	22	24	26.5	27	27.5	30	31	33.5	37	38	44	45	47	51	52	7.5	8	9
180	-21	-39	-4	-42	-5	11	13.5	16	17.5	19	19.5	20.5	22	24	26.5	27	27.5	30	31	31.5	33.5	36.5	37	38	43	44	44.5	45	47	51	52	57.5	7.5	8	9
181	-21	-39	-4	-42	11	12.5	13.5	16	17	19	19.5	20.5	24	26.5	27	27.5	30	31	31.5	33.5	37	38	43	44	44.5	45	47	51	52	7.5	8	9
182	-39	-4	-42	11	11.5	13.5	17	19	19.5	24	26.5	27	27.5	31	31.5	37	38	43	44	45	51	52	7.5	8	9
183	-21	-33	-39	-4	-42	11.5	13.5	17	19	19.5	20	24	26.5	27	27.5	31	31.5	37	38	43	44	44.5	45	51	52	7.5	8	9
184	-21	-33	-39	-4	-42	13.5	18.5	19	19.5	20	24	26	26.5	27	27.5	31	31.5	37	38	43	44	44.5	45	51	52	7.5	8	9
185	-21	-33	-39	-4	13.5	19	19.5	20	21.5	24	26.5	27	27.5	30	31	37	38	44	44.5	45	51	52	7.5	8	9
186	-21	-33	-39	-4	-42	-5	13.5	19	19.5	20	24	26.5	27	27.5	31	31.5	37	38	38.5	43	44	44.5	45	51	52	57.5	7.5	8	9
187	-21	-39	-4	-42	13.5	16	17.5	18.5	19	19.5	20	20.5	22	24	26	26.5	27	27.5	30	31	31.5	33.5	37	38	43	44	44.5	45	47	51	52	7.5	8	9
188	-21	-39	-4	-42	11.5	13.5	16	17	19	19.5	20	20.5	24	26.5	27	27.5	30	31	31.5	33.5	37	38	43	44	44.5	45	47	51	52	7.5	8	9
189	-21	-39	-4	-42	-5	13.5	16	19	19.5	20	20.5	24	26.5	27	27.5	30	31	31.5	33.5	37	38	38.5	43	44	44.5	45	47	51	52	57.5	7.5	8	9
190	-39	-4	13.5	17.5	19	19.5	20.5	22	24	26.5	27	27.5	30	31	37	38	45	51	9
191	-21	-39	-4	-42	12.5	13.5	17	17.5	19	19.5	20.5	22	24	26.5	27	27.5	30	31	31.5	37	38	43	44.5	45	51	9
192	-21	-39	-4	-42	-5	13.5	17.5	19	19.5	20.5	22	24	26.5	27	27.5	30	31	31.5	36.5	37	38	43	44.5	45	51	57.5	9
193	-39	-4	13.5	19	24	27	27.5	31	32.5	38	45	46	51	9
194	-21	-39	-4	-42	11	13.5	16	17.5	18.5	19	19.5	20.5	22	26	26.5	27	27.5	30	31	31.5	33.5	35	37	38	43	44	44.5	45	47	51	52	7.5	8	9
195	-21	-39	-4	-42	11	11.5	13.5	16	17	19	19.5	20.5	26.5	27	27.5	30	31	31.5	33.5	35	37	38	43	44	44.5	45	47	51	52	7.5	8	9
196	-21	-39	-4	-42	-5	11	13.5	16	19	19.5	20.5	26.5	27	27.5	30	31	31.5	33.5	35	37	38	38.5	43	44	44.5	45	47	51	52	57.5	7.5	8	9
197	-39	-4	-42	11	13.5	18.5	19	19.5	26	26.5	27	27.5	31	31.5	35	37	38	43	44	45	51	52	7.5	8	9
198	-21	-33	-39	-4	-42	12.5	13.5	17	19	19.5	20	26.5	27	27.5	31	31.5	35	37	38	43	44	44.5	45	51	52	7.5	8	9
199	-21	-33	-39	-4	13.5	19	19.5	20	20.5	26.5	27	27.5	30	31	35	37	38	44	44.5	45	51	52	7.5	8	9
200	-21	-33	-39	-4	-42	-5	13.5	19	19.5	20	26.5	27	27.5	31	31.5	35	36.5	37	38	43	44	44.5	45	51	52	57.5	7.5	8	9
201	-21	-39	-4	-42	12.5	13.5	16	17	17.5	19	19.5	20	20.5	22	26.5	27	27.5	30	31	31.5	33.5	35	37	38	43	44	44.5	45	47	51	52	7.5	8	9
202	-39	-4	13.5	16	19	19.5	20	20.5	26.5	27	27.5	30	31	33.5	35	37	38	44	45	47	51	52	7.5	8	9
203	-21	-39	-4	-42	-5	13.5	16	19	19.5	20	20.5	26.5	27	27.5	30	31	31.5	33.5	35	36.5	37	38	43	44	44.5	45	47	51	52	57.5	7.5	8	9
204	-39	-4	-42	13.5	18.5	19	19.5	26	26.5	27	27.5	31	31.5	35	37	38	43	44	45	51	7.5	8	9
205	-21	-39	-4	-42	11.5	13.5	17	17.5	19	19.5	20.5	22	26.5	27	27.5	30	31	31.5	35	37	38	43	44.5	45	51	9
206	-21	-39	-4	-42	13.5	17.5	18.5	19	19.5	20.5	22	26	26.5	27	27.5	30	31	31.5	35	37	38	43	44.5	45	51	9
207	-21	-39	-4	-42	-5	13.5	17.5	19	19.5	20.5	22	26.5	27	27.5	30	31	31.5	35	37	38	38.5	43	44.5	45	51	57.5	9
208	-39	-4	13.5	19	24	27	27.5	31	38	45
209	-21	-33	-39	-4	-42	12.5	13.5	16	17	19	19.5	20	24	27	27.5	29	31	31.5	33.5	38	43	44.5	45	47	52
210	-21	-33	-39	-4	-42	-5	13.5	16	19	19.5	20	24	27	27.5	29	31	31.5	33.5	36.5	38	43	44.5	45	47	52	57.5
211	-21	-39	-4	-42	12.5	13.5	16	17	17.5	19	19.5	20	20.5	22	24	25	26.5	27	27.5	29	30	31	31.5	33.5	35	37	38	43	44	44.5	45	47	51	52	7.5	8	9
212	-39	-4	13.5	16	17.5	19	19.5	20	20.5	22	24	25	26.5	27	27.5	29	30	31	33.5	35	37	38	44	45	47	51	52	7.5	8
213	-21	-39	-4	-42	-5	13.5	16	17.5	19	19.5	20	20.5	22	24	25	26.5	27	27.5	29	30	31	31.5	33.5	35	36.5	37	38	43	44	44.5	45	47	51	52	57.5	7.5	8
214	-21	-39	-4	-42	11.5	13.5	16	17	17.5	19	19.5	20.5	22	24	27	27.5	29	30	31	31.5	33.5	38	43	44.5	45	47
215	-21	-39	-4	-42	-5	13.5	16	17.5	19	19.5	20.5	22	24	27	27.5	29	30	31	31.5	33.5	38	38.5	43	44.5	45	47	57.5
216	-21	-39	-4	-42	13.5	16	18.5	19	19.5	20.5	24	26	27	27.5	29	30	31	31.5	33.5	38	43	44.5	45	47
217	-39	-4	11	13.5	16	17.5	19	19.5	20.5	22	24	26.5	27	27.5	30	31	33.5	37	38	44	45	47	52	7.5	8
218	-21	-39	-4	-42	-5	11	13.5	16	17.5	19	19.5	20.5	22	24	26.5	27	27.5	30	31	31.5	33.5	36.5	37	38	43	44	44.5	45	47	52	57.5	7.5	8
219	-21	-39	-4	-42	11	12.5	13.5	16	17	19	19.5	20.5	24	26.5	27	27.5	30	31	31.5	33.5	37	38	43	44	44.5	45	47	52	7.5	8
220	-39	-4	-42	11	11.5	13.5	17	19	19.5	24	26.5	27	27.5	31	31.5	37	38	43	44	45	52	7.5	8
221	-21	-33	-39	-4	-42	11.5	13.5	17	19	19.5	20	24	26.5	27	27.5	31	31.5	37	38	43	44	44.5	45	52	7.5	8
222	-21	-33	-39	-4	-42	13.5	18.5	19	19.5	20	24	26	26.5	27	27.5	31	31.5	37	38	43	44	44.5	45	52	7.5	8
223	-21	-33	-39	-4	13.5	19	19.5	20	21.5	24	26.5	27	27.5	30	31	37	38	44	44.5	45	52	7.5	8
224	-21	-33	-39	-4	-42	-5	13.5	19	19.5	20	24	26.5	27	27.5	31	31.5	37	38	38.5	43	44	44.5	45	52	57.5	7.5	8
225	-21	-39	-4	-42	13.5	16	17.5	18.5	19	19.5	20	20.5	22	24	26	26.5	27	27.5	30	31	31.5	33.5	37	38	43	44	44.5	45	47	52	7.5	8
226	-21	-39	-4	-42	11.5	13.5	16	17	19	19.5	20	20.5	24	26.5	27	27.5	30	31	31.5	33.5	37	38	43	44	44.5	45	47	52	7.5	8
227	-21	-39	-4	-42	-5	13.5	16	19	19.5	20	20.5	24	26.5	27	27.5	30	31	31.5	33.5	37	38	38.5	43	44	44.5	45	47	52	57.5	7.5	8
228	-39	-4	13.5	17.5	19	19.5	20.5	22	24	26.5	27	27.5	30	31	37	38	45
229	-21	-39	-4	-42	12.5	13.5	17	17.5	19	19.5	20.5	22	24	26.5	27	27.5	30	31	31.5	37	38	43	44.5	45
230	-21	-39	-4	-42	-5	13.5	17.5	19	19.5	20.5	22	24	26.5	27	27.5	30	31	31.5	36.5	37	38	43	44.5	45	57.5
231	-39	-4	13.5	19	24	27	27.5	31	32.5	38	45	46
232	-39	-4	13.5	19	27.5	38
233	-21	-39	-4	-42	12.5	13.5	17	19	19.5	27	31	31.5	43	43.5
234	-21	-39	-4	13.5	19	19.5	20.5	27	30	31	43.5
235	-21	-39	-4	-42	-5	13.5	19	19.5	27	31	31.5	36.5	43	43.5	57.5
236	-21	-39	-4	-42	11.5	13.5	17	19	19.5	27	31	31.5	43	44.5
237	-21	-39	-4	-42	13.5	18.5	19	19.5	26	27	31	31.5	43	44.5
238	-21	-39	-4	13.5	19	19.5	21.5	27	30	31	44.5
239	-21	-39	-4	-42	-5	13.5	19	19.5	27	31	31.5	38.5	43	44.5	57.5
240	-21	-42	-5	11	16	19.5	20.5	27	30	31.5	33.5	38.5	43	44.5	47	52	57.5	7
241	-21	-33	-42	-5	19.5	20	27	31.5	38.5	43	44.5	52	57.5	7
242	-21	-42	-5	16	19.5	20	20.5	27	30	31.5	33.5	38.5	43	44.5	47	52	57.5	7
243	-21	-42	-5	16	19.5	20	20.5	24	25	27	29	30	31.5	33.5	38.5	43	44	44.5	47	51	52	57.5	7	7.5	8	9
244	-21	-42	-5	17.5	19.5	20	20.5	22	24	25	26.5	27	30	31.5	37	38.5	43	44	44.5	51	52	57.5	7	7.5	8	9
245	-21	-42	-5	17.5	19.5	20	20.5	22	25	26.5	27	30	31.5	35	37	38.5	43	44	44.5	51	52	57.5	7	7.5	8	9
246	-21	-42	-5	16	19.5	20	20.5	24	25	27	29	30	31.5	33.5	38.5	43	44	44.5	47	51	52	57.5	7	7.5	8
247	-21	-42	-5	17.5	19.5	20	20.5	22	24	25	26.5	27	30	31.5	37	38.5	43	44	44.5	51	52	57.5	7	7.5	8
248	-21	-42	-5	17.5	19.5	20	20.5	22	25	26.5	27	30	31.5	35	37	38.5	43	44	44.5	51	52	57.5	7	7.5	8
249	-21	-39	-42	-5	13.5	19	19.5	27	31	31.5	38.5	43	43.5	57.5
250	-21	-42	-5	19.5	21.5	27	30	31.5	38.5	43	44.5	57.5
251	-42	-5	31.5	38.5	43	57.5
252	-42	-5	36.5	57.5
253	-11	-14	-26	-27	-43	-52	-6	29.5	39.5	42	49.5	60.5
254	-11	-14	-26	-27	-33	-43	-52	-6	29.5	42	49.5	55.5	60.5
255	-11	-14	-26	-27	-33	-43	-52	-6	30.5	42	49.5	55.5	60.5
256	-11	-14	-52	-6	39.5	60.5
257	-11	-14	-17	-27	-33	-43	-52	-6	29.5	39.5	42	49.5	55.5	60.5
258	-11	-14	-16	-17	-22	-27	-30	-33	-43	-47	-52	-6	14.5	21	29.5	41.5	42	49.5	52.5	55.5	60.5
259	-11	-14	-16	-22	-26	-27	-30	-33	-43	-47	-52	-6	14.5	21	29.5	41.5	42	49.5	52.5	55.5	60.5
260	-11	-14	-16	-22	-27	-30	-33	-43	-47	-52	-6	14.5	21	29.5	41.5	42	49.5	5	52.5	55.5	60.5
261	-11	-14	-16	-22	-27	-30	-47	-52	-6	39.5	41.5	47.5	52.5	60.5
262	-11	-14	-16	-22	-27	-30	-33	-47	-52	-6	41.5	47.5	52.5	55.5	60.5
263	-11	-14	-16	-17	-27	-30	-33	-43	-47	-52	-6	14.5	21	29.5	41.5	42	49.5	51.5	55.5	60.5
264	-11	-14	-16	-26	-27	-30	-33	-43	-47	-52	-6	14.5	21	29.5	41.5	42	49.5	51.5	55.5	60.5
265	-11	-14	-16	-27	-30	-33	-43	-47	-52	-6	14.5	21	29.5	41.5	42	49.5	5	51.5	55.5	60.5
266	-11	-14	-16	-27	-30	-47	-52	-6	39.5	41.5	47.5	51.5	60.5
267	-11	-14	-16	-27	-30	-33	-47	-52	-6	41.5	47.5	51.5	55.5	60.5
268	-11	-14	-33	-52	-6	55.5	60.5
269	-14	-20	-26	-27	-43	-44	-52	-6	-8	29.5	39.5	42	42.5	49.5	60.5
270	-14	-20	-26	-27	-33	-43	-44	-52	-6	-8	29.5	42	42.5	49.5	55.5	60.5
271	-14	-20	-26	-27	-33	-43	-44	-52	-6	-8	30.5	42	42.5	49.5	55.5	60.5
272	-14	-17	-20	-22	-25	-27	-30	-33	-35	-37	-43	-44	-51	-52	-6	-8	-9	14.5	21	29.5	40.5	42	42.5	46.5	49.5	52.5	55.5	59.5	60.5
273	-14	-20	-22	-25	-26	-27	-30	-33	-35	-37	-43	-44	-51	-52	-6	-8	-9	14.5	21	29.5	40.5	42	42.5	46.5	49.5	52.5	55.5	59.5	60.5
274	-14	-20	-22	-25	-27	-30	-33	-35	-37	-43	-44	-51	-52	-6	-8	-9	14.5	21	29.5	40.5	42	42.5	46.5	49.5	5	52.5	55.5	59.5	60.5
275	-14	-20	-22	-25	-27	-30	-35	-37	-44	-51	-52	-6	-8	-9	39.5	40.5	42.5	46.5	47.5	52.5	59.5	60.5
276	-14	-20	-22	-25	-27	-30	-33	-35	-37	-44	-51	-52	-6	-8	-9	40.5	42.5	46.5	47.5	52.5	55.5	59.5	60.5
277	-14	-20	-24	-25	-26	-27	-43	-44	-51	-52	-6	-8	-9	29.5	39.5	40.5	42	42.5	45.5	46.5	49.5	59.5	60.5
278	-14	-20	-24	-25	-26	-27	-33	-43	-44	-51	-52	-6	-8	-9	29.5	40.5	42	42.5	45.5	46.5	49.5	55.5	59.5	60.5
279	-14	-20	-24	-25	-26	-27	-33	-43	-44	-51	-52	-6	-8	-9	30.5	40.5	42	42.5	45.5	46.5	49.5	55.5	59.5	60.5
280	-14	-16	-17	-20	-22	-24	-25	-27	-29	-30	-33	-43	-44	-47	-51	-52	-6	-8	-9	14.5	21	29.5	40.5	41.5	42	42.5	45.5	46.5	49.5	52.5	55.5	59.5	60.5
281	-14	-16	-20	-22	-24	-25	-26	-27	-29	-30	-33	-43	-44	-47	-51	-52	-6	-8	-9	14.5	21	29.5	40.5	41.5	42	42.5	45.5	46.5	49.5	52.5	55.5	59.5	60.5
282	-14	-16	-20	-22	-24	-25	-27	-29	-30	-33	-43	-44	-47	-51	-52	-6	-8	-9	14.5	21	29.5	40.5	41.5	42	42.5	45.5	46.5	49.5	5	52.5	55.5	59.5	60.5
283	-14	-16	-20	-22	-24	-25	-27	-29	-30	-44	-47	-51	-52	-6	-8	-9	39.5	40.5	41.5	42.5	45.5	46.5	47.5	52.5	59.5	60.5
284	-14	-16	-20	-22	-24	-25	-27	-29	-30	-33	-44	-47	-51	-52	-6	-8	-9	40.5	41.5	42.5	45.5	46.5	47.5	52.5	55.5	59.5	60.5
285	-14	-16	-17	-20	-24	-25	-27	-29	-30	-33	-43	-44	-47	-51	-52	-6	-8	-9	14.5	21	29.5	40.5	41.5	42	42.5	45.5	46.5	49.5	51.5	55.5	59.5	60.5
286	-14	-16	-20	-24	-25	-26	-27	-29	-30	-33	-43	-44	-47	-51	-52	-6	-8	-9	14.5	21	29.5	40.5	41.5	42	42.5	45.5	46.5	49.5	51.5	55.5	59.5	60.5
287	-14	-16	-20	-24	-25	-27	-29	-30	-33	-43	-44	-47	-51	-52	-6	-8	-9	14.5	21	29.5	40.5	41.5	42	42.5	45.5	46.5	49.5	5	51.5	55.5	59.5	60.5
288	-14	-16	-20	-24	-25	-27	-29	-30	-44	-47	-51	-52	-6	-8	-9	39.5	40.5	41.5	42.5	45.5	46.5	47.5	51.5	59.5	60.5
289	-14	-16	-20	-24	-25	-27	-29	-30	-33	-44	-47	-51	-52	-6	-8	-9	40.5	41.5	42.5	45.5	46.5	47.5	51.5	55.5	59.5	60.5
290	-14	-20	-24	-25	-29	-33	-44	-51	-52	-6	-8	-9	40.5	42.5	45.5	46.5	55.5	59.5	60.5
291	-14	-17	-20	-22	-24	-25	-27	-30	-33	-37	-43	-44	-51	-52	-6	-8	-9	14.5	21	29.5	40.5	42	42.5	45.5	46.5	49.5	52.5	55.5	59.5	60.5
292	-14	-20	-22	-24	-25	-26	-27	-30	-33	-37	-43	-44	-51	-52	-6	-8	-9	14.5	21	29.5	40.5	42	42.5	45.5	46.5	49.5	52.5	55.5	59.5	60.5
293	-14	-20	-22	-24	-25	-27	-30	-33	-37	-43	-44	-51	-52	-6	-8	-9	14.5	21	29.5	40.5	42	42.5	45.5	46.5	49.5	5	52.5	55.5	59.5	60.5
294	-14	-20	-22	-24	-25	-27	-30	-37	-44	-51	-52	-6	-8	-9	39.5	40.5	42.5	45.5	46.5	47.5	52.5	59.5	60.5
295	-14	-20	-22	-24	-25	-27	-30	-33	-37	-44	-51	-52	-6	-8	-9	40.5	42.5	45.5	46.5	47.5	52.5	55.5	59.5	60.5
296	-14	-20	-24	-25	-27	-44	-46	-51	-52	-6	-8	-9	39.5	40.5	42.5	45.5	46.5	47.5	59.5	60.5
297	-14	-20	-24	-25	-27	-33	-44	-46	-51	-52	-6	-8	-9	40.5	42.5	45.5	46.5	47.5	55.5	59.5	60.5
298	-14	-20	-24	-25	-27	-44	-46	-51	-52	-6	-8	-9	39.5	40.5	42.5	45.5	46.5	48.5	59.5	60.5
299	-14	-20	-24	-25	-27	-33	-44	-46	-51	-52	-6	-8	-9	40.5	42.5	45.5	46.5	48.5	55.5	59.5	60.5
300	-14	-20	-24	-25	-27	-44	-46	-51	-52	-6	-8	-9	39.5	40.5	42.5	45.5	46.5	49.5	59.5	60.5
301	-14	-20	-24	-25	-27	-33	-44	-46	-51	-52	-6	-8	-9	40.5	42.5	45.5	46.5	49.5	55.5	59.5	60.5
302	-14	-20	-24	-25	-27	-44	-51	-52	-6	-8	-9	39.5	40.5	42.5	45.5	46.5	47.5	59.5	60.5
303	-14	-20	-24	-25	-27	-33	-44	-51	-52	-6	-8	-9	40.5	42.5	45.5	46.5	47.5	55.5	59.5	60.5
304	-14	-20	-24	-25	-27	-44	-51	-52	-6	-8	-9	39.5	40.5	42.5	45.5	46.5	48.5	59.5	60.5
305	-14	-20	-24	-25	-27	-33	-44	-51	-52	-6	-8	-9	40.5	42.5	45.5	46.5	48.5	55.5	59.5	60.5
306	-14	-20	-24	-25	-27	-44	-51	-52	-6	-8	-9	39.5	40.5	42.5	45.5	46.5	49.5	59.5	60.5
307	-14	-20	-24	-25	-27	-33	-44	-51	-52	-6	-8	-9	40.5	42.5	45.5	46.5	49.5	55.5	59.5	60.5
308	-14	-17	-20	-22	-25	-27	-30	-33	-35	-37	-43	-44	-51	-52	-6	-8	14.5	21	29.5	42	42.5	46.5	49.5	52.5	55.5	59.5	60.5
309	-14	-20	-22	-25	-26	-27	-30	-33	-35	-37	-43	-44	-51	-52	-6	-8	14.5	21	29.5	42	42.5	46.5	49.5	52.5	55.5	59.5	60.5
310	-14	-20	-22	-25	-27	-30	-33	-35	-37	-43	-44	-51	-52	-6	-8	14.5	21	29.5	42	42.5	46.5	49.5	5	52.5	55.5	59.5	60.5
311	-14	-20	-22	-25	-27	-30	-35	-37	-44	-51	-52	-6	-8	39.5	42.5	46.5	47.5	52.5	59.5	60.5
312	-14	-20	-22	-25	-27	-30	-33	-35	-37	-44	-51	-52	-6	-8	42.5	46.5	47.5	52.5	55.5	59.5	60.5
313	-14	-20	-24	-25	-26	-27	-43	-44	-51	-52	-6	-8	29.5	39.5	42	42.5	45.5	46.5	49.5	59.5	60.5
314	-14	-20	-24	-25	-26	-27	-33	-43	-44	-51	-52	-6	-8	29.5	42	42.5	45.5	46.5	49.5	55.5	59.5	60.5
315	-14	-20	-24	-25	-26	-27	-33	-43	-44	-51	-52	-6	-8	30.5	42	42.5	45.5	46.5	49.5	55.5	59.5	60.5
316	-14	-16	-17	-20	-22	-24	-25	-27	-29	-30	-33	-43	-44	-47	-51	-52	-6	-8	14.5	21	29.5	41.5	42	42.5	45.5	46.5	49.5	52.5	55.5	59.5	60.5
317	-14	-16	-20	-22	-24	-25	-26	-27	-29	-30	-33	-43	-44	-47	-51	-52	-6	-8	14.5	21	29.5	41.5	42	42.5	45.5	46.5	49.5	52.5	55.5	59.5	60.5
318	-14	-16	-20	-22	-24	-25	-27	-29	-30	-33	-43	-44	-47	-51	-52	-6	-8	14.5	21	29.5	41.5	42	42.5	45.5	46.5	49.5	5	52.5	55.5	59.5	60.5
319	-14	-16	-20	-22	-24	-25	-27	-29	-30	-44	-47	-51	-52	-6	-8	39.5	41.5	42.5	45.5	46.5	47.5	52.5	59.5	60.5
320	-14	-16	-20	-22	-24	-25	-27	-29	-30	-33	-44	-47	-51	-52	-6	-8	41.5	42.5	45.5	46.5	47.5	52.5	55.5	59.5	60.5
321	-14	-16	-17	-20	-24	-25	-27	-29	-30	-33	-43	-44	-47	-51	-52	-6	-8	14.5	21	29.5	41.5	42	42.5	45.5	46.5	49.5	51.5	55.5	59.5	60.5
322	-14	-16	-20	-24	-25	-26	-27	-29	-30	-33	-43	-44	-47	-51	-52	-6	-8	14.5	21	29.5	41.5	42	42.5	45.5	46.5	49.5	51.5	55.5	59.5	60.5
323	-14	-16	-20	-24	-25	-27	-29	-30	-33	-43	-44	-47	-51	-52	-6	-8	14.5	21	29.5	41.5	42	42.5	45.5	46.5	49.5	5	51.5	55.5	59.5	60.5
324	-14	-16	-20	-24	-25	-27	-29	-30	-44	-47	-51	-52	-6	-8	39.5	41.5	42.5	45.5	46.5	47.5	51.5	59.5	60.5
325	-14	-16	-20	-24	-25	-27	-29	-30	-33	-44	-47	-51	-52	-6	-8	41.5	42.5	45.5	46.5	47.5	51.5	55.5	59.5	60.5
326	-14	-20	-24	-25	-29	-33	-44	-51	-52	-6	-8	42.5	45.5	46.5	55.5	59.5	60.5
327	-14	-17	-20	-22	-24	-25	-27	-30	-33	-37	-43	-44	-51	-52	-6	-8	14.5	21	29.5	42	42.5	45.5	46.5	49.5	52.5	55.5	59.5	60.5
328	-14	-20	-22	-24	-25	-26	-27	-30	-33	-37	-43	-44	-51	-52	-6	-8	14.5	21	29.5	42	42.5	45.5	46.5	49.5	52.5	55.5	59.5	60.5
329	-14	-20	-22	-24	-25	-27	-30	-33	-37	-43	-44	-51	-52	-6	-8	14.5	21	29.5	42	42.5	45.5	46.5	49.5	5	52.5	55.5	59.5	60.5
330	-14	-20	-22	-24	-25	-27	-30	-37	-44	-51	-52	-6	-8	39.5	42.5	45.5	46.5	47.5	52.5	59.5	60.5
331	-14	-20	-22	-24	-25	-27	-30	-33	-37	-44	-51	-52	-6	-8	42.5	45.5	46.5	47.5	52.5	55.5	59.5	60.5
332	-14	-20	-24	-25	-27	-44	-46	-51	-52	-6	-8	39.5	42.5	45.5	46.5	47.5	59.5	60.5
333	-14	-20	-24	-25	-27	-33	-44	-46	-51	-52	-6	-8	42.5	45.5	46.5	47.5	55.5	59.5	60.5
334	-14	-20	-24	-25	-27	-44	-46	-51	-52	-6	-8	39.5	42.5	45.5	46.5	48.5	59.5	60.5
335	-14	-20	-24	-25	-27	-33	-44	-46	-51	-52	-6	-8	42.5	45.5	46.5	48.5	55.5	59.5	60.5
336	-14	-20	-24	-25	-27	-44	-46	-51	-52	-6	-8	39.5	42.5	45.5	46.5	49.5	59.5	60.5
337	-14	-20	-24	-25	-27	-33	-44	-46	-51	-52	-6	-8	42.5	45.5	46.5	49.5	55.5	59.5	60.5
338	-14	-20	-24	-25	-27	-44	-51	-52	-6	-8	39.5	42.5	45.5	46.5	47.5	59.5	60.5
339	-14	-20	-24	-25	-27	-33	-44	-51	-52	-6	-8	42.5	45.5	46.5	47.5	55.5	59.5	60.5
340	-14	-20	-24	-25	-27	-44	-51	-52	-6	-8	39.5	42.5	45.5	46.5	48.5	59.5	60.5
341	-14	-20	-24	-25	-27	-33	-44	-51	-52	-6	-8	42.5	45.5	46.5	48.5	55.5	59.5	60.5
342	-14	-20	-24	-25	-27	-44	-51	-52	-6	-8	39.5	42.5	45.5	46.5	49.5	59.5	60.5
343	-14	-20	-24	-25	-27	-33	-44	-51	-52	-6	-8	42.5	45.5	46.5	49.5	55.5	59.5	60.5
344	-14	-15	-20	-22	-25	-26	-27	-30	-33	-35	-37	-43	-44	-49	-51	-52	-6	-8	-9	14.5	21	29.5	40.5	42	42.5	46.5	49.5	52.5	55.5	56.5	59.5	60.5
345	-14	-15	-20	-22	-25	-27	-30	-35	-37	-44	-49	-51	-52	-6	-8	-9	39.5	40.5	42.5	46.5	47.5	52.5	56.5	59.5	60.5
346	-14	-15	-20	-24	-25	-26	-27	-43	-44	-49	-51	-52	-6	-8	-9	29.5	39.5	40.5	42	42.5	45.5	46.5	49.5	56.5	59.5	60.5
347	-14	-15	-20	-24	-25	-26	-27	-33	-43	-44	-49	-51	-52	-6	-8	-9	30.5	40.5	42	42.5	45.5	46.5	49.5	55.5	56.5	59.5	60.5
348	-14	-15	-16	-20	-22	-24	-25	-26	-27	-29	-30	-33	-43	-44	-47	-49	-51	-52	-6	-8	-9	14.5	21	29.5	40.5	41.5	42	42.5	45.5	46.5	49.5	52.5	55.5	56.5	59.5	60.5
349	-14	-15	-16	-20	-22	-24	-25	-27	-29	-30	-44	-47	-49	-51	-52	-6	-8	-9	39.5	40.5	41.5	42.5	45.5	46.5	47.5	52.5	56.5	59.5	60.5
350	-14	-15	-16	-17	-20	-24	-25	-27	-29	-30	-33	-43	-44	-47	-49	-51	-52	-6	-8	-9	14.5	21	29.5	40.5	41.5	42	42.5	45.5	46.5	49.5	51.5	55.5	56.5	59.5	60.5
351	-14	-15	-16	-20	-24	-25	-27	-29	-30	-33	-43	-44	-47	-49	-51	-52	-6	-8	-9	14.5	21	29.5	40.5	41.5	42	42.5	45.5	46.5	49.5	5	51.5	55.5	56.5	59.5	60.5
352	-14	-15	-16	-20	-24	-25	-27	-29	-30	-33	-44	-47	-49	-51	-52	-6	-8	-9	40.5	41.5	42.5	45.5	46.5	47.5	51.5	55.5	56.5	59.5	60.5
353	-14	-15	-17	-20	-22	-24	-25	-27	-30	-33	-37	-43	-44	-49	-51	-52	-6	-8	-9	14.5	21	29.5	40.5	42	42.5	45.5	46.5	49.5	52.5	55.5	56.5	59.5	60.5
354	-14	-15	-20	-22	-24	-25	-27	-30	-33	-37	-43	-44	-49	-51	-52	-6	-8	-9	14.5	21	29.5	40.5	42	42.5	45.5	46.5	49.5	5	52.5	55.5	56.5	59.5	60.5
355	-14	-15	-20	-22	-24	-25	-27	-30	-33	-37	-44	-49	-51	-52	-6	-8	-9	40.5	42.5	45.5	46.5	47.5	52.5	55.5	56.5	59.5	60.5
356	-14	-15	-20	-24	-25	-27	-33	-44	-46	-49	-51	-52	-6	-8	-9	40.5	42.5	45.5	46.5	47.5	55.5	56.5	59.5	60.5
357	-14	-15	-20	-24	-25	-27	-33	-44	-46	-49	-51	-52	-6	-8	-9	40.5	42.5	45.5	46.5	48.5	55.5	56.5	59.5	60.5
358	-14	-15	-20	-24	-25	-27	-33	-44	-46	-49	-51	-52	-6	-8	-9	40.5	42.5	45.5	46.5	49.5	55.5	56.5	59.5	60.5
359	-14	-15	-20	-24	-25	-27	-33	-44	-49	-51	-52	-6	-8	-9	40.5	42.5	45.5	46.5	47.5	55.5	56.5	59.5	60.5
360	-14	-15	-20	-24	-25	-27	-33	-44	-49	-51	-52	-6	-8	-9	40.5	42.5	45.5	46.5	48.5	55.5	56.5	59.5	60.5
361	-14	-15	-20	-24	-25	-27	-33	-44	-49	-51	-52	-6	-8	-9	40.5	42.5	45.5	46.5	49.5	55.5	56.5	59.5	60.5
362	-14	-15	-20	-22	-25	-26	-27	-30	-33	-35	-37	-43	-44	-49	-51	-52	-6	-8	14.5	21	29.5	42	42.5	46.5	49.5	52.5	55.5	56.5	59.5	60.5
363	-14	-15	-20	-22	-25	-27	-30	-35	-37	-44	-49	-51	-52	-6	-8	39.5	42.5	46.5	47.5	52.5	56.5	59.5	60.5
364	-14	-15	-20	-24	-25	-26	-27	-43	-44	-49	-51	-52	-6	-8	29.5	39.5	42	42.5	45.5	46.5	49.5	56.5	59.5	60.5
365	-14	-15	-20	-24	-25	-26	-27	-33	-43	-44	-49	-51	-52	-6	-8	30.5	42	42.5	45.5	46.5	49.5	55.5	56.5	59.5	60.5
366	-14	-15	-16	-20	-22	-24	-25	-26	-27	-29	-30	-33	-43	-44	-47	-49	-51	-52	-6	-8	14.5	21	29.5	41.5	42	42.5	45.5	46.5	49.5	52.5	55.5	56.5	59.5	60.5
367	-14	-15	-16	-20	-22	-24	-25	-27	-29	-30	-44	-47	-49	-51	-52	-6	-8	39.5	41.5	42.5	45.5	46.5	47.5	52.5	56.5	59.5	60.5
368	-14	-15	-16	-17	-20	-24	-25	-27	-29	-30	-33	-43	-44	-47	-49	-51	-52	-6	-8	14.5	21	29.5	41.5	42	42.5	45.5	46.5	49.5	51.5	55.5	56.5	59.5	60.5
369	-14	-15	-16	-20	-24	-25	-27	-29	-30	-33	-43	-44	-47	-49	-51	-52	-6	-8	14.5	21	29.5	41.5	42	42.5	45.5	46.5	49.5	5	51.5	55.5	56.5	59.5	60.5
370	-14	-15	-16	-20	-24	-25	-27	-29	-30	-33	-44	-47	-49	-51	-52	-6	-8	41.5	42.5	45.5	46.5	47.5	51.5	55.5	56.5	59.5	60.5
371	-14	-15	-17	-20	-22	-24	-25	-27	-30	-33	-37	-43	-44	-49	-51	-52	-6	-8	14.5	21	29.5	42	42.5	45.5	46.5	49.5	52.5	55.5	56.5	59.5	60.5
372	-14	-15	-20	-22	-24	-25	-27	-30	-33	-37	-43	-44	-49	-51	-52	-6	-8	14.5	21	29.5	42	42.5	45.5	46.5	49.5	5	52.5	55.5	56.5	59.5	60.5
373	-14	-15	-20	-22	-24	-25	-27	-30	-33	-37	-44	-49	-51	-52	-6	-8	42.5	45.5	46.5	47.5	52.5	55.5	56.5	59.5	60.5
374	-14	-15	-20	-24	-25	-27	-33	-44	-46	-49	-51	-52	-6	-8	42.5	45.5	46.5	47.5	55.5	56.5	59.5	60.5
375	-14	-15	-20	-24	-25	-27	-33	-44	-46	-49	-51	-52	-6	-8	42.5	45.5	46.5	48.5	55.5	56.5	59.5	60.5
376	-14	-15	-20	-24	-25	-27	-33	-44	-46	-49	-51	-52	-6	-8	42.5	45.5	46.5	49.5	55.5	56.5	59.5	60.5
377	-14	-15	-20	-24	-25	-27	-33	-44	-49	-51	-52	-6	-8	42.5	45.5	46.5	47.5	55.5	56.5	59.5	60.5
378	-14	-15	-20	-24	-25	-27	-33	-44	-49	-51	-52	-6	-8	42.5	45.5	46.5	48.5	55.5	56.5	59.5	60.5
379	-14	-15	-20	-24	-25	-27	-33	-44	-49	-51	-52	-6	-8	42.5	45.5	46.5	49.5	55.5	56.5	59.5	60.5
380	-14	-16	-17	-20	-22	-27	-30	-33	-43	-47	-52	-6	14.5	21	29.5	41.5	42	42.5	49.5	52.5	55.5	60.5
381	-14	-16	-20	-22	-26	-27	-30	-33	-43	-47	-52	-6	14.5	21	29.5	41.5	42	42.5	49.5	52.5	55.5	60.5
382	-14	-16	-20	-22	-27	-30	-33	-43	-47	-52	-6	14.5	21	29.5	41.5	42	42.5	49.5	5	52.5	55.5	60.5
383	-14	-16	-20	-22	-27	-30	-47	-52	-6	39.5	41.5	42.5	47.5	52.5	60.5
384	-14	-16	-20	-22	-27	-30	-33	-47	-52	-6	41.5	42.5	47.5	52.5	55.5	60.5
385	-14	-16	-17	-20	-27	-30	-33	-43	-47	-52	-6	14.5	21	29.5	41.5	42	42.5	49.5	51.5	55.5	60.5
386	-14	-16	-20	-26	-27	-30	-33	-43	-47	-52	-6	14.5	21	29.5	41.5	42	42.5	49.5	51.5	55.5	60.5
387	-14	-16	-20	-27	-30	-33	-43	-47	-52	-6	14.5	21	29.5	41.5	42	42.5	49.5	5	51.5	55.5	60.5
388	-14	-16	-20	-27	-30	-47	-52	-6	39.5	41.5	42.5	47.5	51.5	60.5
389	-14	-16	-20	-27	-30	-33	-47	-52	-6	41.5	42.5	47.5	51.5	55.5	60.5
390	-11	-26	-27	-43	-52	-7	29.5	42	49.5	60.5
391	-11	-17	-27	-43	-52	-7	29.5	39.5	42	49.5	60.5
392	-11	-16	-17	-22	-27	-30	-43	-47	-52	-7	14.5	21	30.5	41.5	42	49.5	52.5	60.5
393	-11	-16	-22	-27	-30	-47	-52	-7	41.5	47.5	52.5	60.5
394	-11	-16	-26	-27	-30	-43	-47	-52	-7	14.5	21	30.5	41.5	42	49.5	51.5	60.5
395	-11	-16	-27	-30	-47	-52	-7	41.5	47.5	51.5	60.5
396	-20	-26	-27	-43	-44	-52	-7	-8	29.5	42	42.5	49.5	60.5
397	-17	-20	-22	-25	-27	-30	-35	-37	-43	-44	-51	-52	-7	-8	-9	14.5	21	30.5	40.5	42	42.5	46.5	49.5	52.5	59.5	60.5
398	-20	-22	-25	-27	-30	-35	-37	-44	-51	-52	-7	-8	-9	40.5	42.5	46.5	47.5	52.5	59.5	60.5
399	-20	-24	-25	-26	-27	-43	-44	-51	-52	-7	-8	-9	29.5	40.5	42	42.5	45.5	46.5	49.5	59.5	60.5
400	-16	-17	-20	-22	-24	-25	-27	-29	-30	-43	-44	-47	-51	-52	-7	-8	-9	14.5	21	30.5	40.5	41.5	42	42.5	45.5	46.5	49.5	52.5	59.5	60.5
401	-16	-20	-22	-24	-25	-27	-29	-30	-44	-47	-51	-52	-7	-8	-9	40.5	41.5	42.5	45.5	46.5	47.5	52.5	59.5	60.5
402	-16	-20	-24	-25	-26	-27	-29	-30	-43	-44	-47	-51	-52	-7	-8	-9	14.5	21	30.5	40.5	41.5	42	42.5	45.5	46.5	49.5	51.5	59.5	60.5
403	-16	-20	-24	-25	-27	-29	-30	-44	-47	-51	-52	-7	-8	-9	40.5	41.5	42.5	45.5	46.5	47.5	51.5	59.5	60.5
404	-20	-22	-24	-25	-26	-27	-30	-37	-43	-44	-51	-52	-7	-8	-9	14.5	21	30.5	40.5	42	42.5	45.5	46.5	49.5	52.5	59.5	60.5
405	-20	-22	-24	-25	-27	-30	-37	-44	-51	-52	-7	-8	-9	40.5	42.5	45.5	46.5	47.5	52.5	59.5	60.5
406	-20	-24	-25	-27	-44	-46	-51	-52	-7	-8	-9	40.5	42.5	45.5	46.5	47.5	59.5	60.5
407	-20	-24	-25	-27	-44	-46	-51	-52	-7	-8	-9	40.5	42.5	45.5	46.5	48.5	59.5	60.5
408	-20	-24	-25	-27	-44	-46	-51	-52	-7	-8	-9	40.5	42.5	45.5	46.5	49.5	59.5	60.5
409	-20	-24	-25	-27	-44	-51	-52	-7	-8	-9	40.5	42.5	45.5	46.5	47.5	59.5	60.5
410	-20	-24	-25	-27	-44	-51	-52	-7	-8	-9	40.5	42.5	45.5	46.5	48.5	59.5	60.5
411	-20	-24	-25	-27	-44	-51	-52	-7	-8	-9	40.5	42.5	45.5	46.5	49.5	59.5	60.5
412	-20	-22	-25	-26	-27	-30	-35	-37	-43	-44	-51	-52	-7	-8	14.5	21	30.5	42	42.5	46.5	49.5	52.5	59.5	60.5
413	-20	-22	-25	-27	-30	-35	-37	-44	-51	-52	-7	-8	42.5	46.5	47.5	52.5	59.5	60.5
414	-20	-24	-25	-26	-27	-43	-44	-51	-52	-7	-8	29.5	42	42.5	45.5	46.5	49.5	59.5	60.5
415	-16	-17	-20	-22	-24	-25	-27	-29	-30	-43	-44	-47	-51	-52	-7	-8	14.5	21	30.5	41.5	42	42.5	45.5	46.5	49.5	52.5	59.5	60.5
416	-16	-20	-22	-24	-25	-27	-29	-30	-44	-47	-51	-52	-7	-8	41.5	42.5	45.5	46.5	47.5	52.5	59.5	60.5
417	-16	-20	-24	-25	-26	-27	-29	-30	-43	-44	-47	-51	-52	-7	-8	14.5	21	30.5	41.5	42	42.5	45.5	46.5	49.5	51.5	59.5	60.5
418	-16	-20	-24	-25	-27	-29	-30	-44	-47	-51	-52	-7	-8	41.5	42.5	45.5	46.5	47.5	51.5	59.5	60.5
419	-20	-22	-24	-25	-26	-27	-30	-37	-43	-44	-51	-52	-7	-8	14.5	21	30.5	42	42.5	45.5	46.5	49.5	52.5	59.5	60.5
420	-20	-22	-24	-25	-27	-30	-37	-44	-51	-52	-7	-8	42.5	45.5	46.5	47.5	52.5	59.5	60.5
421	-20	-24	-25	-27	-44	-46	-51	-52	-7	-8	42.5	45.5	46.5	47.5	59.5	60.5
422	-20	-24	-25	-27	-44	-46	-51	-52	-7	-8	42.5	45.5	46.5	48.5	59.5	60.5
423	-20	-24	-25	-27	-44	-46	-51	-52	-7	-8	42.5	45.5	46.5	49.5	59.5	60.5
424	-20	-24	-25	-27	-44	-51	-52	-7	-8	42.5	45.5	46.5	47.5	59.5	60.5
425	-20	-24	-25	-27	-44	-51	-52	-7	-8	42.5	45.5	46.5	48.5	59.5	60.5
426	-20	-24	-25	-27	-44	-51	-52	-7	-8	42.5	45.5	46.5	49.5	59.5	60.5
427	-15	-20	-22	-25	-27	-30	-35	-37	-44	-49	-51	-52	-7	-8	-9	40.5	42.5	46.5	47.5	52.5	56.5	59.5	60.5
428	-15	-16	-17	-20	-22	-24	-25	-27	-29	-30	-43	-44	-47	-49	-51	-52	-7	-8	-9	14.5	21	30.5	40.5	41.5	42	42.5	45.5	46.5	49.5	52.5	56.5	59.5	60.5
429	-15	-16	-20	-24	-25	-26	-27	-29	-30	-43	-44	-47	-49	-51	-52	-7	-8	-9	14.5	21	30.5	40.5	41.5	42	42.5	45.5	46.5	49.5	51.5	56.5	59.5	60.5
430	-15	-20	-22	-24	-25	-26	-27	-30	-37	-43	-44	-49	-51	-52	-7	-8	-9	14.5	21	30.5	40.5	42	42.5	45.5	46.5	49.5	52.5	56.5	59.5	60.5
431	-15	-20	-24	-25	-27	-44	-46	-49	-51	-52	-7	-8	-9	40.5	42.5	45.5	46.5	47.5	56.5	59.5	60.5
432	-15	-20	-24	-25	-27	-44	-46	-49	-51	-52	-7	-8	-9	40.5	42.5	45.5	46.5	49.5	56.5	59.5	60.5
433	-15	-20	-24	-25	-27	-44	-49	-51	-52	-7	-8	-9	40.5	42.5	45.5	46.5	48.5	56.5	59.5	60.5
434	-15	-20	-22	-25	-26	-27	-30	-35	-37	-43	-44	-49	-51	-52	-7	-8	14.5	21	30.5	42	42.5	46.5	49.5	52.5	56.5	59.5	60.5
435	-15	-20	-24	-25	-26	-27	-43	-44	-49	-51	-52	-7	-8	29.5	42	42.5	45.5	46.5	49.5	56.5	59.5	60.5
436	-15	-16	-20	-22	-24	-25	-27	-29	-30	-44	-47	-49	-51	-52	-7	-8	41.5	42.5	45.5	46.5	47.5	52.5	56.5	59.5	60.5
437	-15	-16	-20	-24	-25	-27	-29	-30	-44	-47	-49	-51	-52	-7	-8	41.5	42.5	45.5	46.5	47.5	51.5	56.5	59.5	60.5
438	-15	-20	-22	-24	-25	-27	-30	-37	-44	-49	-51	-52	-7	-8	42.5	45.5	46.5	47.5	52.5	56.5	59.5	60.5
439	-15	-20	-24	-25	-27	-44	-46	-49	-51	-52	-7	-8	42.5	45.5	46.5	48.5	56.5	59.5	60.5
440	-15	-20	-24	-25	-27	-44	-49	-51	-52	-7	-8	42.5	45.5	46.5	47.5	56.5	59.5	60.5
441	-15	-20	-24	-25	-27	-44	-49	-51	-52	-7	-8	42.5	45.5	46.5	49.5	56.5	59.5	60.5
442	-20	-26	-27	-43	-52	-7	15.5	21	24.5	30.5	33	42	42.5	49.5	60.5
443	-16	-20	-22	-26	-27	-30	-43	-47	-52	-7	14.5	21	30.5	41.5	42	42.5	49.5	52.5	60.5
444	-16	-20	-22	-27	-30	-47	-52	-7	41.5	42.5	47.5	52.5	60.5
445	-16	-20	-26	-27	-30	-43	-47	-52	-7	14.5	21	30.5	41.5	42	42.5	49.5	51.5	60.5
446	-16	-20	-27	-30	-47	-52	-7	41.5	42.5	47.5	51.5	60.5
447	-14	-20	-26	-27	-33	-43	-44	-52	-8	29.5	42	42.5	49.5	55.5	60.5
448	-25	-35	-37	-44	-51	-8	-9	40.5	46.5	59.5
449	-14	-20	-22	-25	-26	-27	-30	-33	-35	-37	-43	-44	-51	-52	-8	-9	14.5	21	30.5	40.5	42	42.5	46.5	49.5	52.5	55.5	59.5	60.5
450	-14	-20	-22	-25	-27	-30	-33	-35	-37	-44	-51	-52	-8	-9	40.5	42.5	46.5	47.5	52.5	55.5	59.5	60.5
451	-16	-20	-22	-24	-25	-29	-32	-35	-37	-38	-42	-44	-45	-47	-51	-52	-8	-9	12.5	17	19.5	2.5	27	28.5	31	31.5	39	4	40.5	41.5	42.5	43	45.5	46.5	54.5	59.5	60.5
452	-16	-20	-22	-24	-25	-29	-32	-35	-37	-38	-42	-44	-45	-47	-51	-52	-8	-9	19.5	2.5	27	28.5	31	31.5	39	4	40.5	41.5	42.5	43	45.5	46.5	54.5	57.5	59.5	60.5
453	-14	-20	-24	-25	-26	-27	-33	-43	-44	-51	-52	-8	-9	29.5	40.5	42	42.5	45.5	46.5	49.5	55.5	59.5	60.5
454	-14	-16	-17	-20	-22	-24	-25	-27	-29	-30	-33	-43	-44	-47	-51	-52	-8	-9	14.5	21	30.5	40.5	41.5	42	42.5	45.5	46.5	49.5	52.5	55.5	59.5	60.5
455	-14	-16	-20	-22	-24	-25	-27	-29	-30	-33	-44	-47	-51	-52	-8	-9	40.5	41.5	42.5	45.5	46.5	47.5	52.5	55.5	59.5	60.5
456	-14	-16	-20	-24	-25	-26	-27	-29	-30	-33	-43	-44	-47	-51	-52	-8	-9	14.5	21	30.5	40.5	41.5	42	42.5	45.5	46.5	49.5	51.5	55.5	59.5	60.5
457	-14	-16	-20	-24	-25	-27	-29	-30	-33	-44	-47	-51	-52	-8	-9	40.5	41.5	42.5	45.5	46.5	47.5	51.5	55.5	59.5	60.5
458	-16	-20	-24	-25	-29	-44	-47	-51	-52	-8	-9	40.5	41.5	42.5	45.5	46.5	59.5	60.5
459	-14	-20	-24	-25	-29	-33	-44	-51	-52	-8	-9	40.5	42.5	45.5	46.5	55.5	59.5	60.5
460	-24	-25	-37	-44	-51	-8	-9	40.5	45.5	46.5	59.5
461	-14	-20	-22	-24	-25	-26	-27	-30	-33	-37	-43	-44	-51	-52	-8	-9	14.5	21	30.5	40.5	42	42.5	45.5	46.5	49.5	52.5	55.5	59.5	60.5
462	-14	-20	-22	-24	-25	-27	-30	-33	-37	-44	-51	-52	-8	-9	40.5	42.5	45.5	46.5	47.5	52.5	55.5	59.5	60.5
463	-14	-20	-24	-25	-27	-33	-44	-46	-51	-52	-8	-9	40.5	42.5	45.5	46.5	47.5	55.5	59.5	60.5
464	-14	-20	-24	-25	-27	-33	-44	-46	-51	-52	-8	-9	40.5	42.5	45.5	46.5	48.5	55.5	59.5	60.5
465	-14	-20	-24	-25	-27	-33	-44	-46	-51	-52	-8	-9	40.5	42.5	45.5	46.5	49.5	55.5	59.5	60.5
466	-14	-20	-24	-25	-27	-33	-44	-51	-52	-8	-9	40.5	42.5	45.5	46.5	47.5	55.5	59.5	60.5
467	-14	-20	-24	-25	-27	-33	-44	-51	-52	-8	-9	40.5	42.5	45.5	46.5	48.5	55.5	59.5	60.5
468	-14	-20	-24	-25	-27	-33	-44	-51	-52	-8	-9	40.5	42.5	45.5	46.5	49.5	55.5	59.5	60.5
469	-25	-35	-37	-44	-51	-8	46.5	59.5
470	-14	-20	-22	-25	-26	-27	-30	-33	-35	-37	-43	-44	-51	-52	-8	14.5	21	30.5	42	42.5	46.5	49.5	52.5	55.5	59.5	60.5
471	-14	-20	-22	-25	-27	-30	-33	-35	-37	-44	-51	-52	-8	42.5	46.5	47.5	52.5	55.5	59.5	60.5
472	-16	-20	-22	-24	-25	-29	-32	-35	-37	-38	-42	-44	-45	-47	-51	-52	-8	12.5	17	19.5	2.5	27	28.5	31	31.5	39	4	41.5	42.5	43	45.5	46.5	54.5	59.5	60.5
473	-16	-20	-22	-24	-25	-29	-32	-35	-37	-38	-42	-44	-45	-47	-51	-52	-8	19.5	2.5	27	28.5	31	31.5	39	4	41.5	42.5	43	45.5	46.5	54.5	57.5	59.5	60.5
474	-14	-20	-24	-25	-26	-27	-33	-43	-44	-51	-52	-8	29.5	42	42.5	45.5	46.5	49.5	55.5	59.5	60.5
475	-14	-16	-17	-20	-22	-24	-25	-27	-29	-30	-33	-43	-44	-47	-51	-52	-8	14.5	21	30.5	41.5	42	42.5	45.5	46.5	49.5	52.5	55.5	59.5	60.5
476	-14	-16	-20	-22	-24	-25	-27	-29	-30	-33	-44	-47	-51	-52	-8	41.5	42.5	45.5	46.5	47.5	52.5	55.5	59.5	60.5
477	-14	-16	-20	-24	-25	-26	-27	-29	-30	-33	-43	-44	-47	-51	-52	-8	14.5	21	30.5	41.5	42	42.5	45.5	46.5	49.5	51.5	55.5	59.5	60.5
478	-14	-16	-20	-24	-25	-27	-29	-30	-33	-44	-47	-51	-52	-8	41.5	42.5	45.5	46.5	47.5	51.5	55.5	59.5	60.5
479	-16	-20	-24	-25	-29	-44	-47	-51	-52	-8	41.5	42.5	45.5	46.5	59.5	60.5
480	-14	-20	-24	-25	-29	-33	-44	-51	-52	-8	42.5	45.5	46.5	55.5	59.5	60.5
481	-24	-25	-37	-44	-51	-8	45.5	46.5	59.5
482	-14	-20	-22	-24	-25	-26	-27	-30	-33	-37	-43	-44	-51	-52	-8	14.5	21	30.5	42	42.5	45.5	46.5	49.5	52.5	55.5	59.5	60.5
483	-14	-20	-22	-24	-25	-27	-30	-33	-37	-44	-51	-52	-8	42.5	45.5	46.5	47.5	52.5	55.5	59.5	60.5
484	-14	-20	-24	-25	-27	-33	-44	-46	-51	-52	-8	42.5	45.5	46.5	47.5	55.5	59.5	60.5
485	-14	-20	-24	-25	-27	-33	-44	-46	-51	-52	-8	42.5	45.5	46.5	48.5	55.5	59.5	60.5
486	-14	-20	-24	-25	-27	-33	-44	-46	-51	-52	-8	42.5	45.5	46.5	49.5	55.5	59.5	60.5
487	-14	-20	-24	-25	-27	-33	-44	-51	-52	-8	42.5	45.5	46.5	47.5	55.5	59.5	60.5
488	-14	-20	-24	-25	-27	-33	-44	-51	-52	-8	42.5	45.5	46.5	48.5	55.5	59.5	60.5
489	-14	-20	-24	-25	-27	-33	-44	-51	-52	-8	42.5	45.5	46.5	49.5	55.5	59.5	60.5
490	-14	-15	-20	-22	-25	-26	-27	-30	-33	-35	-37	-43	-44	-49	-51	-52	-8	-9	14.5	21	30.5	40.5	42	42.5	46.5	49.5	52.5	55.5	56.5	59.5	60.5
491	-15	-16	-20	-22	-24	-25	-29	-32	-35	-37	-38	-42	-44	-45	-47	-49	-51	-52	-8	-9	12.5	17	19.5	2.5	27	28.5	31	31.5	39	4	40.5	41.5	42.5	43	45.5	46.5	54.5	56.5	59.5	60.5
492	-14	-15	-20	-24	-25	-26	-27	-33	-43	-44	-49	-51	-52	-8	-9	29.5	40.5	42	42.5	45.5	46.5	49.5	55.5	56.5	59.5	60.5
493	-14	-15	-16	-20	-22	-24	-25	-27	-29	-30	-33	-44	-47	-49	-51	-52	-8	-9	40.5	41.5	42.5	45.5	46.5	47.5	52.5	55.5	56.5	59.5	60.5
494	-14	-15	-16	-20	-24	-25	-27	-29	-30	-33	-44	-47	-49	-51	-52	-8	-9	40.5	41.5	42.5	45.5	46.5	47.5	51.5	55.5	56.5	59.5	60.5
495	-14	-15	-20	-24	-25	-29	-33	-44	-49	-51	-52	-8	-9	40.5	42.5	45.5	46.5	55.5	56.5	59.5	60.5
496	-14	-15	-20	-22	-24	-25	-26	-27	-30	-33	-37	-43	-44	-49	-51	-52	-8	-9	14.5	21	30.5	40.5	42	42.5	45.5	46.5	49.5	52.5	55.5	56.5	59.5	60.5
497	-14	-15	-20	-24	-25	-27	-33	-44	-46	-49	-51	-52	-8	-9	40.5	42.5	45.5	46.5	47.5	55.5	56.5	59.5	60.5
498	-14	-15	-20	-24	-25	-27	-33	-44	-46	-49	-51	-52	-8	-9	40.5	42.5	45.5	46.5	49.5	55.5	56.5	59.5	60.5
499	-14	-15	-20	-24	-25	-27	-33	-44	-49	-51	-52	-8	-9	40.5	42.5	45.5	46.5	48.5	55.5	56.5	59.5	60.5
500	-15	-25	-35	-37	-44	-49	-51	-8	46.5	56.5	59.5
501	-14	-15	-20	-22	-25	-27	-30	-33	-35	-37	-44	-49	-51	-52	-8	42.5	46.5	47.5	52.5	55.5	56.5	59.5	60.5
502	-15	-16	-20	-22	-24	-25	-29	-32	-35	-37	-38	-42	-44	-45	-47	-49	-51	-52	-8	19.5	2.5	27	28.5	31	31.5	39	4	41.5	42.5	43	45.5	46.5	54.5	56.5	57.5	59.5	60.5
503	-14	-15	-16	-17	-20	-22	-24	-25	-27	-29	-30	-33	-43	-44	-47	-49	-51	-52	-8	14.5	21	30.5	41.5	42	42.5	45.5	46.5	49.5	52.5	55.5	56.5	59.5	60.5
504	-14	-15	-16	-20	-24	-25	-26	-27	-29	-30	-33	-43	-44	-47	-49	-51	-52	-8	14.5	21	30.5	41.5	42	42.5	45.5	46.5	49.5	51.5	55.5	56.5	59.5	60.5
505	-15	-16	-20	-24	-25	-29	-44	-47	-49	-51	-52	-8	41.5	42.5	45.5	46.5	56.5	59.5	60.5
506	-15	-24	-25	-37	-44	-49	-51	-8	45.5	46.5	56.5	59.5
507	-14	-15	-20	-22	-24	-25	-27	-30	-33	-37	-44	-49	-51	-52	-8	42.5	45.5	46.5	47.5	52.5	55.5	56.5	59.5	60.5
508	-14	-15	-20	-24	-25	-27	-33	-44	-46	-49	-51	-52	-8	42.5	45.5	46.5	48.5	55.5	56.5	59.5	60.5
509	-14	-15	-20	-24	-25	-27	-33	-44	-49	-51	-52	-8	42.5	45.5	46.5	47.5	55.5	56.5	59.5	60.5
510	-14	-15	-20	-24	-25	-27	-33	-44	-49	-51	-52	-8	42.5	45.5	46.5	49.5	55.5	56.5	59.5	60.5
511	-11	-16	-22	-24	-32	-37	-38	-42	-44	-45	-47	-51	-52	-8	-9	12.5	17	19.5	2.5	27	28	28.5	31.5	39	4	40.5	41.5	43	45.5	54.5	59.5	60.5
512	-11	-16	-22	-32	-35	-37	-38	-42	-44	-45	-47	-51	-52	-8	-9	12.5	17	19.5	2.5	27	28.5	31	31.5	39	4	40.5	41.5	43	54.5	59.5	60.5
513	-11	-16	-22	-24	-32	-37	-38	-42	-44	-45	-47	-52	-8	12.5	17	19.5	2.5	27	28.5	31	31.5	39	4	41.5	43	45.5	54.5	60.5
514	-11	-16	-22	-24	-32	-37	-38	-42	-44	-45	-47	-51	-52	-8	-9	19.5	2.5	27	28	28.5	31.5	39	4	40.5	41.5	43	45.5	54.5	57.5	59.5	60.5
515	-11	-16	-22	-32	-35	-37	-38	-42	-44	-45	-47	-51	-52	-8	-9	19.5	2.5	27	28.5	31	31.5	39	4	40.5	41.5	43	54.5	57.5	59.5	60.5
516	-11	-16	-22	-24	-32	-37	-38	-42	-44	-45	-47	-52	-8	19.5	2.5	27	28.5	31	31.5	39	4	41.5	43	45.5	54.5	57.5	60.5
517	-11	-16	-24	-32	-37	-38	-42	-44	-45	-47	-51	-52	-8	-9	12.5	17	19.5	2.5	27	28	28.5	31.5	39	4	40.5	41.5	43	45.5	53.5	59.5	60.5
518	-11	-16	-32	-35	-37	-38	-42	-44	-45	-47	-51	-52	-8	-9	12.5	17	19.5	2.5	27	28.5	31	31.5	39	4	40.5	41.5	43	53.5	59.5	60.5
519	-11	-16	-24	-32	-37	-38	-42	-44	-45	-47	-52	-8	12.5	17	19.5	2.5	27	28.5	31	31.5	39	4	41.5	43	45.5	53.5	60.5
520	-11	-16	-24	-32	-37	-38	-42	-44	-45	-47	-51	-52	-8	-9	19.5	2.5	27	28	28.5	31.5	39	4	40.5	41.5	43	45.5	53.5	57.5	59.5	60.5
521	-11	-16	-32	-35	-37	-38	-42	-44	-45	-47	-51	-52	-8	-9	19.5	2.5	27	28.5	31	31.5	39	4	40.5	41.5	43	53.5	57.5	59.5	60.5
522	-11	-16	-24	-32	-37	-38	-42	-44	-45	-47	-52	-8	19.5	2.5	27	28.5	31	31.5	39	4	41.5	43	45.5	53.5	57.5	60.5
523	-20	-44	-52	-8	42.5	60.5
524	-16	-20	-22	-24	-32	-37	-38	-42	-44	-45	-47	-51	-52	-8	-9	12.5	17	19.5	2.5	27	28	28.5	31.5	39	4	40.5	41.5	42.5	43	45.5	54.5	59.5	60.5
525	-16	-20	-22	-32	-35	-37	-38	-42	-44	-45	-47	-51	-52	-8	-9	12.5	17	19.5	2.5	27	28.5	31	31.5	39	4	40.5	41.5	42.5	43	54.5	59.5	60.5
526	-16	-20	-22	-24	-32	-37	-38	-42	-44	-45	-47	-52	-8	12.5	17	19.5	2.5	27	28.5	31	31.5	39	4	41.5	42.5	43	45.5	54.5	60.5
527	-16	-20	-22	-24	-32	-37	-38	-42	-44	-45	-47	-51	-52	-8	-9	19.5	2.5	27	28	28.5	31.5	39	4	40.5	41.5	42.5	43	45.5	54.5	57.5	59.5	60.5
528	-16	-20	-22	-32	-35	-37	-38	-42	-44	-45	-47	-51	-52	-8	-9	19.5	2.5	27	28.5	31	31.5	39	4	40.5	41.5	42.5	43	54.5	57.5	59.5	60.5
529	-16	-20	-22	-24	-32	-37	-38	-42	-44	-45	-47	-52	-8	19.5	2.5	27	28.5	31	31.5	39	4	41.5	42.5	43	45.5	54.5	57.5	60.5
530	-16	-20	-24	-32	-37	-38	-42	-44	-45	-47	-51	-52	-8	-9	12.5	17	19.5	2.5	27	28	28.5	31.5	39	4	40.5	41.5	42.5	43	45.5	53.5	59.5	60.5
531	-16	-20	-32	-35	-37	-38	-42	-44	-45	-47	-51	-52	-8	-9	12.5	17	19.5	2.5	27	28.5	31	31.5	39	4	40.5	41.5	42.5	43	53.5	59.5	60.5
532	-16	-20	-24	-32	-37	-38	-42	-44	-45	-47	-52	-8	12.5	17	19.5	2.5	27	28.5	31	31.5	39	4	41.5	42.5	43	45.5	53.5	60.5
533	-16	-20	-24	-32	-37	-38	-42	-44	-45	-47	-51	-52	-8	-9	19.5	2.5	27	28	28.5	31.5	39	4	40.5	41.5	42.5	43	45.5	53.5	57.5	59.5	60.5
534	-16	-20	-32	-35	-37	-38	-42	-44	-45	-47	-51	-52	-8	-9	19.5	2.5	27	28.5	31	31.5	39	4	40.5	41.5	42.5	43	53.5	57.5	59.5	60.5
535	-16	-20	-24	-32	-37	-38	-42	-44	-45	-47	-52	-8	19.5	2.5	27	28.5	31	31.5	39	4	41.5	42.5	43	45.5	53.5	57.5	60.5
536	-20	-24	-32	-37	-38	-42	-44	-45	-51	-52	-8	-9	11.5	17	19.5	2.5	27	28	28.5	31.5	39	4	40.5	42.5	43	45.5	53.5	59.5	60.5
537	-20	-32	-35	-37	-38	-42	-44	-45	-51	-52	-8	-9	11.5	17	19.5	2.5	27	28.5	31	31.5	39	4	40.5	42.5	43	53.5	59.5	60.5
538	-20	-24	-32	-37	-38	-42	-44	-45	-52	-8	11.5	17	19.5	2.5	27	28.5	31	31.5	39	4	42.5	43	45.5	53.5	60.5
539	-20	-24	-32	-37	-38	-42	-44	-45	-51	-52	-8	-9	12.5	17	19.5	2.5	27	28	28.5	31.5	39	4	40.5	42.5	43	45.5	53.5	59.5	60.5
540	-20	-32	-35	-37	-38	-42	-44	-45	-51	-52	-8	-9	12.5	17	19.5	2.5	27	28.5	31	31.5	39	4	40.5	42.5	43	53.5	59.5	60.5
541	-20	-24	-32	-37	-38	-42	-44	-45	-52	-8	12.5	17	19.5	2.5	27	28.5	31	31.5	39	4	42.5	43	45.5	53.5	60.5
542	-20	-24	-32	-37	-38	-42	-44	-45	-51	-52	-8	-9	19.5	2.5	27	28	28.5	31.5	39	4	40.5	42.5	43	45.5	53.5	57.5	59.5	60.5
543	-20	-32	-35	-37	-38	-42	-44	-45	-51	-52	-8	-9	19.5	2.5	27	28.5	31	31.5	39	4	40.5	42.5	43	53.5	57.5	59.5	60.5
544	-20	-24	-32	-37	-38	-42	-44	-45	-52	-8	19.5	2.5	27	28.5	31	31.5	39	4	42.5	43	45.5	53.5	57.5	60.5
545	-20	-24	-32	-37	-38	-42	-44	-45	-51	-52	-8	-9	11.5	17	19.5	2.5	27	28	28.5	31.5	39	4	40.5	42.5	43	45.5	54.5	59.5	60.5
546	-20	-32	-35	-37	-38	-42	-44	-45	-51	-52	-8	-9	11.5	17	19.5	2.5	27	28.5	31	31.5	39	4	40.5	42.5	43	54.5	59.5	60.5
547	-20	-24	-32	-37	-38	-42	-44	-45	-52	-8	11.5	17	19.5	2.5	27	28.5	31	31.5	39	4	42.5	43	45.5	54.5	60.5
548	-20	-24	-32	-37	-38	-42	-44	-45	-51	-52	-8	-9	12.5	17	19.5	2.5	27	28	28.5	31.5	39	4	40.5	42.5	43	45.5	54.5	59.5	60.5
549	-20	-32	-35	-37	-38	-42	-44	-45	-51	-52	-8	-9	12.5	17	19.5	2.5	27	28.5	31	31.5	39	4	40.5	42.5	43	54.5	59.5	60.5
550	-20	-24	-32	-37	-38	-42	-44	-45	-52	-8	12.5	17	19.5	2.5	27	28.5	31	31.5	39	4	42.5	43	45.5	54.5	60.5
551	-20	-24	-32	-37	-38	-42	-44	-45	-51	-52	-8	-9	19.5	2.5	27	28	28.5	31.5	39	4	40.5	42.5	43	45.5	54.5	57.5	59.5	60.5
552	-20	-32	-35	-37	-38	-42	-44	-45	-51	-52	-8	-9	19.5	2.5	27	28.5	31	31.5	39	4	40.5	42.5	43	54.5	57.5	59.5	60.5
553	-20	-24	-32	-37	-38	-42	-44	-45	-52	-8	19.5	2.5	27	28.5	31	31.5	39	4	42.5	43	45.5	54.5	57.5	60.5
554	-22	-32	-35	-37	-38	-42	-45	-51	-9	11.5	17	19.5	2.5	27	28	28.5	31.5	39	4	40.5	43	54.5	59.5
555	-22	-32	-35	-37	-38	-42	-45	-51	-9	11	12.5	17	19.5	2.5	27	28	28.5	31.5	39	4	40.5	43	52	54.5	59.5	7
556	-22	-32	-35	-37	-38	-42	-45	-51	-9	12.5	17	19.5	2.5	27	28.5	31	31.5	39	4	40.5	43	54.5	59.5
557	-22	-32	-35	-37	-38	-42	-45	-51	-9	19.5	2.5	27	28	28.5	31.5	39	4	40.5	43	54.5	57.5	59.5
558	-16	-22	-24	-29	-32	-38	-42	-45	-47	-51	-9	12.5	17	19.5	2.5	27	28	28.5	31.5	39	4	40.5	41.5	43	45.5	54.5	59.5
559	-16	-22	-24	-29	-32	-38	-42	-45	-47	-51	-9	19.5	2.5	27	28	28.5	31.5	39	4	40.5	41.5	43	45.5	54.5	57.5	59.5
560	-16	-24	-29	-32	-38	-42	-45	-47	-51	-9	12.5	17	19.5	2.5	27	28	28.5	31.5	39	4	40.5	41.5	43	45.5	53.5	59.5
561	-16	-24	-29	-32	-38	-42	-45	-47	-51	-9	19.5	2.5	27	28	28.5	31.5	39	4	40.5	41.5	43	45.5	53.5	57.5	59.5
562	-16	-20	-24	-29	-32	-38	-42	-45	-47	-51	-52	-9	12.5	17	19.5	2.5	27	28	28.5	31.5	39	4	40.5	41.5	42.5	43	45.5	53.5	59.5	60.5
563	-16	-20	-24	-29	-32	-38	-42	-45	-47	-51	-52	-9	19.5	2.5	27	28	28.5	31.5	39	4	40.5	41.5	42.5	43	45.5	53.5	57.5	59.5	60.5
564	-16	-20	-24	-29	-32	-38	-42	-45	-47	-51	-52	-9	12.5	17	19.5	2.5	27	28	28.5	31.5	39	4	40.5	41.5	42.5	43	45.5	54.5	59.5	60.5
565	-16	-20	-24	-29	-32	-38	-42	-45	-47	-51	-52	-9	19.5	2.5	27	28	28.5	31.5	39	4	40.5	41.5	42.5	43	45.5	54.5	57.5	59.5	60.5
566	-22	-24	-32	-37	-38	-42	-45	-51	-9	11	11.5	17	19.5	2.5	27	28	28.5	31.5	39	4	40.5	43	45.5	52	54.5	59.5	7
567	-22	-24	-32	-37	-38	-42	-45	-51	-9	11.5	17	19.5	2.5	27	28.5	31	31.5	39	4	40.5	43	45.5	54.5	59.5
568	-22	-24	-32	-37	-38	-42	-45	-51	-9	12.5	17	19.5	2.5	27	28	28.5	31.5	39	4	40.5	43	45.5	54.5	59.5
569	-22	-24	-32	-37	-38	-42	-45	-51	-9	11	19.5	2.5	27	28	28.5	31.5	39	4	40.5	43	45.5	52	54.5	57.5	59.5	7
570	-22	-24	-32	-37	-38	-42	-45	-51	-9	19.5	2.5	27	28.5	31	31.5	39	4	40.5	43	45.5	54.5	57.5	59.5
571	-10	-27	-41	48.5
572	-11	-14	-26	-27	-33	-43	-52	29.5	42	49.5	55.5	60.5
573	-11	-14	-17	-27	-33	-43	-52	29.5	39.5	42	49.5	55.5	60.5
574	-11	-14	-16	-17	-22	-27	-30	-33	-43	-47	-52	14.5	21	30.5	41.5	42	49.5	52.5	55.5	60.5
575	-11	-14	-16	-22	-27	-30	-33	-47	-52	41.5	47.5	52.5	55.5	60.5
576	-11	-14	-16	-26	-27	-30	-33	-43	-47	-52	14.5	21	30.5	41.5	42	49.5	51.5	55.5	60.5
577	-11	-14	-16	-27	-30	-33	-47	-52	41.5	47.5	51.5	55.5	60.5
578	-11	-16	-47	-52	41.5	60.5
579	-11	-14	-33	-52	55.5	60.5
580	-13	-38	-45
581	-14	-16	-20	-22	-26	-27	-30	-33	-43	-47	-52	14.5	21	30.5	41.5	42	42.5	49.5	52.5	55.5	60.5
582	-14	-16	-20	-22	-27	-30	-33	-47	-52	41.5	42.5	47.5	52.5	55.5	60.5
583	-14	-16	-20	-26	-27	-30	-33	-43	-47	-52	14.5	21	30.5	41.5	42	42.5	49.5	51.5	55.5	60.5
584	-14	-16	-20	-27	-30	-33	-47	-52	41.5	42.5	47.5	51.5	55.5	60.5
585	-16	-22	-24	-29	-32	-38	-42	-45	-47	12.5	17	19.5	2.5	27	28.5	31	31.5	39	4	41.5	43	45.5	54.5
586	-16	-22	-24	-29	-32	-38	-42	-45	-47	19.5	2.5	27	28.5	31	31.5	39	4	41.5	43	45.5	54.5	57.5
587	-16	-24	-29	-32	-38	-42	-45	-47	12.5	17	19.5	2.5	27	28.5	31	31.5	39	4	41.5	43	45.5	53.5
588	-16	-24	-29	-32	-38	-42	-45	-47	19.5	2.5	27	28.5	31	31.5	39	4	41.5	43	45.5	53.5	57.5
589	-16	-20	-47	-52	41.5	42.5	60.5
590	-16	-20	-24	-29	-32	-38	-42	-45	-47	-52	12.5	17	19.5	2.5	27	28.5	31	31.5	39	4	41.5	42.5	43	45.5	53.5	60.5
591	-16	-20	-24	-29	-32	-38	-42	-45	-47	-52	19.5	2.5	27	28.5	31	31.5	39	4	41.5	42.5	43	45.5	53.5	57.5	60.5
592	-16	-20	-24	-29	-32	-38	-42	-45	-47	-52	12.5	17	19.5	2.5	27	28.5	31	31.5	39	4	41.5	42.5	43	45.5	54.5	60.5
593	-16	-20	-24	-29	-32	-38	-42	-45	-47	-52	19.5	2.5	27	28.5	31	31.5	39	4	41.5	42.5	43	45.5	54.5	57.5	60.5
594	-17	29.5	42
595	-17	-27	-43	29.5	39.5	42	49.5
596	-17	-27	-30	-43	14.5	21	29.5	42	49.5	52.5
597	-17	-27	-43	30.5	39.5	42	49.5
598	-18	-23	-38	-42	11	11.5	17	19.5	2.5	27	28.5	31	31.5	33.5	39	4	43	47	52
599	-18	-23	-38	2.5	20	24	25	27	28	28.5	33.5	39	4	44	47	51	52	7.5	8	9
600	-18	-23	-38	2.5	20	24	25	28	28.5	29	33.5	39	4	44	47	51	52	7.5	8	9
601	-18	-23	-38	2.5	20	24	25	26.5	28	28.5	33.5	37	39	4	44	47	51	52	7.5	8	9
602	-18	-23	-38	2.5	20	24	25	27	28	28.5	32.5	33.5	39	4	44	46	47	51	52	7.5	8	9
603	-18	-23	-38	2.5	20	25	26.5	28	28.5	33.5	35	37	39	4	44	47	51	52	7.5	8	9
604	-18	-23	-38	2.5	20	24	25	27	28	28.5	33.5	39	4	44	47	51	52	7.5	8
605	-18	-23	-38	2.5	20	24	25	28	28.5	29	33.5	39	4	44	47	51	52	7.5	8
606	-18	-23	-38	2.5	20	24	25	26.5	28	28.5	33.5	37	39	4	44	47	51	52	7.5	8
607	-18	-23	-38	2.5	20	24	25	27	28	28.5	32.5	33.5	39	4	44	46	47	51	52	7.5	8
608	-18	-23	-38	2.5	20	25	26.5	28	28.5	33.5	35	37	39	4	44	47	51	52	7.5	8
609	-18	-23	-38	-42	18.5	19.5	2.5	20	26	27	28.5	31	31.5	33.5	39	4	43	44	47	52	7.5	8
610	-18	-23	-38	17.5	19.5	2.5	20	20.5	22	25	26.5	27	28	28.5	30	33.5	35	37	39	4	44	47	51	52	7	7.5	8	9
611	-18	-23	-38	17.5	19.5	2.5	20.5	22	27	28	28.5	30	33.5	39	4	47
612	-18	-23	-38	19.5	2.5	20	20.5	24	25	26.5	27	28	28.5	30	33.5	37	39	4	44	47	51	52	7	7.5	8	9
613	-18	-23	-38	19.5	2.5	20	20.5	25	26.5	27	28	28.5	30	33.5	35	37	39	4	44	47	51	52	7	7.5	8
614	-19	-38	2.5	28.5	39	4
615	-20	42.5
616	-21	-42	11.5	16	17	17.5	19.5	20	20.5	22	27	30	31.5	33.5	43	44.5	47	52	7
617	-21	-42	11.5	17	17.5	19.5	20	20.5	22	24	25	26.5	27	30	31.5	37	43	44	44.5	51	52	7	7.5	8	9
618	-21	-42	11.5	17	17.5	19.5	20	20.5	22	24	25	26.5	27	30	31.5	37	43	44	44.5	51	52	7	7.5	8
619	-21	-39	-42	11.5	13.5	17	19	19.5	27	31	31.5	43	43.5
620	-21	-33	-42	12.5	17	19.5	20	27	31.5	43	44.5	52	7
621	-21	-42	12.5	16	17	19.5	20	20.5	24	25	27	29	30	31.5	33.5	43	44	44.5	47	51	52	7	7.5	8	9
622	-21	-42	12.5	17	17.5	19.5	20	20.5	22	25	26.5	27	30	31.5	35	37	43	44	44.5	51	52	7	7.5	8	9
623	-21	-42	12.5	17	17.5	19.5	20	20.5	22	25	26.5	27	30	31.5	35	37	43	44	44.5	51	52	7	7.5	8
624	-21	-42	12.5	17	19.5	21.5	27	30	31.5	43	44.5
625	-21	-42	16	17.5	18.5	19.5	20	20.5	22	26	27	30	31.5	33.5	43	44.5	47	52	7
626	-21	-42	17.5	18.5	19.5	20	20.5	22	24	25	26	26.5	27	30	31.5	37	43	44	44.5	51	52	7	7.5	8	9
627	-21	-42	17.5	18.5	19.5	20	20.5	22	24	25	26	26.5	27	30	31.5	37	43	44	44.5	51	52	7	7.5	8
628	-21	-39	-42	13.5	18.5	19	19.5	26	27	31	31.5	43	43.5
629	-21	-33	19.5	20	20.5	27	30	44.5	52	7
630	-21	20.5	30	44.5
631	-21	-39	13.5	19	19.5	21.5	27	30	31	43.5
632	-21	21.5	30	44.5
633	-22	-24	-32	-37	-38	-42	-45	11.5	17	19.5	2.5	27	28	28.5	31.5	39	4	43	45.5	54.5
634	-22	-24	-32	-37	-38	-42	-45	11	12.5	17	19.5	2.5	27	28	28.5	31.5	39	4	43	45.5	52	54.5	7
635	-22	-24	-32	-37	-38	-42	-45	12.5	17	19.5	2.5	27	28.5	31	31.5	39	4	43	45.5	54.5
636	-22	-24	-32	-37	-38	-42	-45	19.5	2.5	27	28	28.5	31.5	39	4	43	45.5	54.5	57.5
637	-26	-27	-43	29.5	42	49.5
638	-26	-27	-30	-43	14.5	21	29.5	42	49.5	52.5
639	-26	-27	-30	-43	14.5	21	30.5	42	49.5	52.5
640	-27	-41	-46	47.5
641	-27	-41	-46	48.5
642	-27	-41	-46	49.5
643	-27	-43	49.5
644	-27	-30	47.5	51.5
645	-27	-30	47.5	52.5
646	-38	2.5	4
647	-42	11.5	17
648	-42	12.5	17
649	-42	11	18.5	19.5	26	27	31.5	43	52	7
650	-42	18.5	19.5	20	24	25	26	27	31.5	43	44	51	52	7	7.5	8
651	-42	12.5	17	19.5	27	31.5	43
652	-43	29.5	4.5	42	5
653	29.5	4.5	42	5
654	16	19.5	20	20.5	27	30	33.5	47	52	7
655	20	24	25	27	44	51	52	7	7.5	8	9
656	20	24	25	27	32.5	44	46	51	52	7	7.5	8	9
657	20	24	25	27	44	51	52	7	7.5	8
658	20	24	25	27	32.5	44	46	51	52	7	7.5	8
659	24	25	26.5	37	44	51	7.5	8	9
660	25	26.5	35	37	44	51	7.5	8	9
661	24	25	26.5	37	44	51	7.5	8
662	25	26.5	35	37	44	51	7.5	8
663	20	44	52	7.5	8
664	13	27.5	38	45
665	27	32.5	41	46
666	19.5	27	31.5	43
667	20
668	50