-1	-4	2.5	3.5
-2	-8	1.5	26.5	31.5
-3	2.5	3.5	14.5	25.5	26.5
-4	-1	33	3.5
-5	-37
-6	-46
-7	40
-8	-29	28.5	32.5	38.5	42.5	44.5
-9	33.5
-10	21.5
-11	-3	12	41
-12	-51	-52	24	7.5	13.5	44.5	45.5	46.5
-13	8.5	31.5
-14	-49	34.5	47.5
-15	25.5	32.5
-16	33.5
-17	-5
-18	12
-19	32	2.5
-20	-44	28.5	30.5	37.5	43.5
-21	41.5
-22	-23
-23	-38	44.5
-24	34
-25	30.5
-26	30.5
-27	30.5
-28	12.5
-29	-53
-30	-25
-31	-27
-32	-43	30.5	43.5	46.5
-33	39.5
-34	-35
-35	-30	24	15.5	22.5	23.5	31.5	34.5
-36	-22	14.5	15.5	16.5
-37	30.5	37.5
-38	18	16.5
-39	19
-40	-39
-41	-16	-21	-42
-42	40.5
-43	-6
-44	41.5
-45	7
-46	14.5	15.5	16.5
-47	6.5	31.5	45.5	46.5
-48	11.5
-49	-26
-50	-14
-51	9.5	13.5	35.5
-52	10.5	13.5	17.5	18.5
-53	-55	47.5
-54	42.5
-55	-31	42.5
1	-2	6.5	7.5	8.5	9.5	10.5	11.5	12.5
2	-1	8	13	4.5
3	-2	5.5	29.5
4	1.5	24.5	39.5
5	37
6	46
7	-40
8	9	15	29	32	41	47
9	17
10	-51	-52
11	4.5	5.5	30.5	42.5
12	-10	47	48	50	21.5	27.5	36.5
13	13	27.5
14	49	18.5	20.5	23.5
15	15	4.5
16	17
17	5
18	30.5
19	24.5	38.5
20	9	12	28	44	45
21	36
22	23
23	38	47
24	40.5
25	12
26	12
27	12
28	27.5
29	53
30	25
31	27
32	12	43	45	50
33	33
34	35
35	-54	13	30	17.5	19.5	29.5	36.5
36	-11	22
37	12	28
38	-18	29.5
39	-19
40	39
41	16	21	42
42	34
43	6
44	36
45	-7
46	-11
47	13	48	50	27.5
48	27.5
49	26
50	14
51	-10	19.5	20.5	27.5
52	-10	27.5	35.5
53	55	22.5
54	41
55	31	41
1.5	1
2.5	2
3.5	2
4.5	3
5.5	3
6.5	4
7.5	4
8.5	4
9.5	4
10.5	4
11.5	4
12.5	4
13.5	10
14.5	11
15.5	11
16.5	11
17.5	20
18.5	20
19.5	20
20.5	20
21.5	51	52
22.5	54
23.5	54
24.5	-2
25.5	-3
26.5	-3
27.5	-4
28.5	-9
29.5	-11
30.5	-12
31.5	-13
32.5	-15
33.5	-17
34.5	-20
35.5	-20
36.5	-24
37.5	-28
38.5	-32
39.5	-33
40.5	-34
41.5	-36
42.5	-41
43.5	-45
44.5	-47
45.5	-48
46.5	-50
47.5	-54
